{
    "file_name": "taxi_data/taxi_data_6.txt",
    "Delta": [
        [
            0.0,
            726.9835313066375,
            11989.386960838816,
            6417.397863427608,
            9980.962732538095,
            8743.550338750338,
            1203.3480468617943,
            4932.140157534996,
            8767.567855741943,
            11219.420457378073,
            12229.88055193772,
            11436.569258468075,
            11660.174380641545,
            11263.116715628114,
            11070.61748285214,
            1207.756616376936,
            1453.9783980981715,
            228.27346997574722,
            1051.4253571546258,
            1288.5921497051343,
            1630.3984945925183,
            1996.409354563315,
            2388.741809573668,
            2772.6146767182986,
            5169.915286309803,
            5374.722114325553,
            7294.843515453093,
            7835.87585972016,
            8265.712856184662,
            9333.94547542734,
            9797.759338837519,
            10121.779009558424,
            11129.700899686277,
            13492.238823188802,
            13607.328211394446,
            10587.594705585418,
            9612.985285727727,
            9039.252059331504,
            8772.382353024523,
            8472.95492820706,
            7828.913757504236,
            7006.29752105644,
            4465.770826088053,
            4077.243274513557,
            3722.1377937117422,
            3322.8278275005437,
            2194.3922376963524,
            1446.1184726357355,
            704.2003209592003,
            273.6113391714406,
            444.08540429411903,
            856.6513447494422,
            1067.8347155243055,
            1118.0722996976626,
            11695.190504529191,
            11788.788583693477,
            11968.701073416567,
            11857.690904643552,
            11027.803000965469,
            10499.907493497392,
            9727.251052564607,
            9168.50861684033,
            7227.249062111272,
            7616.8737299033255,
            7640.0195368859,
            7300.8624917234565,
            7009.790503697804,
            7045.471377206719,
            9856.75070257295,
            3020.388843675547,
            9735.916153058668,
            9569.786040979174,
            9583.226725157305,
            9729.333391696453,
            6644.375840024795,
            6632.314521583456,
            8055.827590291947,
            8009.951033940066
        ],
        [
            726.9835313066375,
            0.0,
            11262.459826512124,
            6563.925866046708,
            9673.096720700714,
            8589.872635453026,
            510.58708996439645,
            5069.994629985922,
            9471.317474635107,
            10561.108527463692,
            11665.585800060366,
            10802.860286306895,
            11048.913271402016,
            10610.419104838316,
            10388.155861711428,
            529.7407480604738,
            726.9948684907159,
            592.4281401199781,
            1716.9038947726415,
            1989.7843944305002,
            2347.0344022495606,
            2714.7677362548507,
            3107.3457851382173,
            3491.4001023033356,
            5887.380566230115,
            6091.932762845236,
            8010.871059340604,
            8549.43728734321,
            8975.023656658517,
            10022.337136579727,
            10333.147094501908,
            10626.091629213608,
            11566.092987898195,
            13881.878522812738,
            13994.452390569104,
            10233.443684649601,
            9340.635745890317,
            8834.721617608297,
            8611.263348788887,
            8373.396993168604,
            7897.951964605544,
            7152.545532203895,
            4605.183122515323,
            4218.212673842058,
            3864.799848407845,
            3467.799862767194,
            2347.3715601822005,
            1612.7923125000386,
            904.4683633030121,
            541.8902990598507,
            351.9843475786376,
            242.26466961482063,
            392.42446948721835,
            430.12445456443004,
            10975.214731281469,
            11064.71323312486,
            11241.866850523465,
            11132.591533723758,
            10303.776592257556,
            9776.608389698193,
            9005.49510159043,
            8447.758825671428,
            6519.492443265705,
            6920.5422617367585,
            6947.365713753945,
            6613.582783923185,
            6323.231985885282,
            6363.285627880777,
            9884.532899029693,
            3440.332340389746,
            9102.242830480434,
            8923.366144961117,
            8936.941491778398,
            9096.396185630723,
            7366.511463671408,
            7353.3314835356205,
            7329.409439222593,
            8000.091498023547
        ],
        [
            11989.386960838816,
            11262.459826512124,
            0.0,
            14471.278249470159,
            11723.573097374403,
            13038.484340488523,
            10815.074964441523,
            13546.649568618262,
            20564.718071721298,
            5078.503833768456,
            8025.991115979217,
            5915.3957607962675,
            6622.433856471451,
            5276.90659568424,
            4141.783571105095,
            10815.694876185124,
            10535.530108227102,
            11830.588103373258,
            12898.06733901175,
            13208.965664131414,
            13586.676879104965,
            13954.28387066636,
            14343.88720281398,
            14725.211540684488,
            17097.52458501798,
            17299.337002852157,
            19198.682297080515,
            19717.670497629613,
            20111.48358054941,
            20999.689645480405,
            20169.059766263097,
            20195.750176213067,
            20484.214245271465,
            22127.30666761735,
            22204.005200159503,
            11320.680580146027,
            12035.594971940292,
            12606.823447701401,
            12971.045668332363,
            13475.007845848235,
            14713.608775866738,
            14841.50825951829,
            13308.332336414443,
            13119.130685638762,
            12953.962426713557,
            12777.443690097594,
            12326.288284896178,
            12080.87192165138,
            11875.953014114768,
            11779.745326436401,
            11578.628934133254,
            11166.631975925735,
            10953.246890364313,
            10898.62526310643,
            1759.8609744453177,
            1190.5504190140869,
            380.4627308207618,
            700.3648500628012,
            1292.5412914747124,
            1769.1232888512752,
            2522.3298176128583,
            3062.1348057065998,
            5134.664084624392,
            5050.666027292279,
            5112.404128273952,
            5474.8415993975295,
            5707.774778414521,
            5757.907453548049,
            15623.160931575858,
            13771.451612606816,
            5623.912791132436,
            5315.141609066101,
            5315.876537793174,
            5643.993549051741,
            18595.53127425294,
            18575.523820033868,
            3941.5636416677985,
            13938.128133705442
        ],
        [
            6417.397863427608,
            6563.925866046708,
            14471.278249470159,
            0.0,
            6034.5011553173035,
            3786.635481909592,
            6470.986410174059,
            1494.1276151320528,
            11448.632413044315,
            11302.925422492213,
            10648.004993029064,
            11038.09882935023,
            10857.26082273373,
            11232.665391848228,
            11685.554490145885,
            6962.2931844187,
            6785.530338381784,
            6604.984147664276,
            6885.242224763256,
            6774.941794049023,
            6707.968364392041,
            6781.974434982186,
            6904.9635942473105,
            7044.159851655127,
            8341.705069456559,
            8481.767112973106,
            9880.62225663797,
            10389.912535095751,
            10874.811116050832,
            12294.192179581843,
            14499.848622873496,
            15017.322939863698,
            16371.583410757023,
            18886.228421926724,
            19010.178163366887,
            6942.713098303446,
            5433.541499787517,
            4421.179277886232,
            3867.8373257129197,
            3164.59316501879,
            1575.497101255995,
            589.5796158041665,
            1960.1661840218967,
            2348.8290952044026,
            2704.3087653274865,
            3104.317638565542,
            4238.208031707649,
            4994.079120818213,
            5761.134211587778,
            6283.346670154995,
            6334.027049734827,
            6378.459609980263,
            6427.909051400654,
            6457.487196216593,
            13414.044123457605,
            13762.042612892703,
            14284.912100519337,
            14650.344181014758,
            13990.93406490649,
            13568.709650331799,
            12972.381852496737,
            12531.1997670876,
            11254.053834343673,
            11811.879818610947,
            11893.394789233853,
            11676.878411250964,
            11431.952956363339,
            11522.491123582493,
            3630.665674567996,
            3768.839774915718,
            14516.70265543937,
            14235.669447213706,
            14249.629999913977,
            14517.37166022409,
            9116.402759385628,
            9169.946982030793,
            11186.435645557933,
            14413.308696547152
        ],
        [
            9980.962732538095,
            9673.096720700714,
            11723.573097374403,
            6034.5011553173035,
            0.0,
            2369.398633722761,
            9284.43506817747,
            6488.645651794091,
            17139.304195436885,
            7127.063572419621,
            5292.022599665471,
            6519.128282068874,
            6048.3642867076815,
            6976.881187366254,
            7873.348252481603,
            9773.496836967819,
            9411.3586892466,
            10058.56563176497,
            10884.326299824585,
            10945.636670412143,
            11071.531534807142,
            11302.256311991534,
            11573.975938774698,
            11846.17156020868,
            13721.132621753944,
            13894.040863458678,
            15533.327042081934,
            16073.598248636194,
            16563.65313557091,
            17936.3182132764,
            19506.0437134043,
            19919.134185962947,
            21053.501594747315,
            23458.115394792178,
            23574.75948389477,
            929.5114478149911,
            622.2170082003863,
            1679.4581718916886,
            2275.8562376759064,
            3059.7852427052785,
            5025.0536860770235,
            5923.2122213643825,
            6723.061732876309,
            6936.399719360573,
            7144.440872746415,
            7391.974178859647,
            8153.489617508375,
            8710.08912547032,
            9303.695153454879,
            9731.97756400292,
            9654.444040559782,
            9430.915465310043,
            9336.131508523766,
            9328.417489732365,
            10177.8902473935,
            10683.964144439884,
            11418.79327544715,
            12160.581312334045,
            11785.458278510592,
            11550.596125000875,
            11257.26257071635,
            11037.28943887423,
            10765.862173560487,
            11333.516642594346,
            11452.804369018277,
            11419.318102212846,
            11288.633842797377,
            11410.435482439649,
            4639.3190808002755,
            8701.819206719181,
            14103.006240916313,
            13737.541871844505,
            13749.67620978419,
            14111.992370248294,
            14758.272935788316,
            14797.65774990437,
            9851.491136802235,
            17371.702303545248
        ],
        [
            8743.550338750338,
            8589.872635453026,
            13038.484340488523,
            3786.635481909592,
            2369.398633722761,
            0.0,
            8290.520176832502,
            4521.876904383331,
            15138.39136168021,
            8902.904254932095,
            7500.338609898845,
            8420.075548577666,
            8056.360475406005,
            8781.556144056958,
            9520.466555701783,
            8807.569875531923,
            8495.760948426345,
            8865.550363207676,
            9519.63278235946,
            9518.357166498266,
            9575.185325551576,
            9752.463086508289,
            9973.354412488436,
            10199.236740051541,
            11857.561437861805,
            12016.892277999461,
            13547.89829472482,
            14073.50757127888,
            14562.203411968632,
            15963.90224899863,
            17848.87343179326,
            18311.26436087574,
            19549.516820627727,
            22014.293579316483,
            22134.681566874653,
            3298.7480305279014,
            1747.188066625373,
            690.3875005268468,
            94.40133343490821,
            690.3875005268468,
            2657.9827481146253,
            3601.1244023402123,
            4848.9104494466965,
            5137.991068871899,
            5413.280326215894,
            5733.586603325822,
            6683.836520006171,
            7348.969770908599,
            8040.342102798864,
            8525.406920508669,
            8491.530424656736,
            8355.830180402147,
            8309.639699732783,
            8315.475634632972,
            11652.201389103184,
            12106.983213828946,
            12773.976998169946,
            13383.026274974965,
            12887.184243516085,
            12571.923019497934,
            12149.251251690715,
            11833.658571295662,
            11146.58465514802,
            11730.472568686111,
            11838.595673463773,
            11730.632941732161,
            11549.655654672797,
            11663.18792639358,
            2611.951785672713,
            6915.169021454981,
            14549.096337447656,
            14208.803568167907,
            14221.932710559073,
            14555.003103323448,
            12775.400194647975,
            12822.197925057952,
            10541.614234517729,
            16549.422120138184
        ],
        [
            1203.3480468617943,
            510.58708996439645,
            10815.074964441523,
            6470.986410174059,
            9284.43506817747,
            8290.520176832502,
            0.0,
            4984.943939371536,
            9968.549587201274,
            10050.708750870994,
            11168.167420465708,
            10292.928075997803,
            10541.59751946851,
            10099.849535190684,
            9881.133588528231,
            520.0343596125571,
            361.0194892957611,
            1097.6961500318057,
            2222.43023319034,
            2486.119037428649,
            2833.733250061519,
            3199.651511057931,
            3591.8725375512754,
            3975.6341198758214,
            6372.985914434228,
            6577.833310980465,
            8498.082023755886,
            9039.214144511428,
            9468.468836170454,
            10526.440850674097,
            10829.789533595496,
            11114.858001021663,
            12033.581111338142,
            14331.118110065281,
            14442.664095412236,
            9820.453976410194,
            8971.512021848828,
            8504.771652536247,
            8307.403087913934,
            8107.741071585221,
            7743.6796273159935,
            7055.528307045861,
            4527.469371246963,
            4147.865852433752,
            3802.4948956177127,
            3416.5178352699927,
            2345.6438348347106,
            1681.8071305784879,
            1133.3078239956678,
            969.1868467105353,
            769.8051562575677,
            352.5900737021963,
            138.29695027393737,
            85.31084786979584,
            10494.437979575488,
            10593.556652816027,
            10786.274433292921,
            10701.544972905416,
            9878.420438631967,
            9354.689262539388,
            8590.047372249499,
            8036.285091505179,
            6145.526763839423,
            6569.319790140964,
            6602.9651314950115,
            6279.697336453386,
            5991.474163104872,
            6038.941279856032,
            9695.219609664531,
            3589.4372863635135,
            8841.457935231965,
            8646.090653245312,
            8659.820458678867,
            8836.574088235893,
            7844.850455988961,
            7833.719400976671,
            6891.066446376761,
            8261.731514026882
        ],
        [
            4932.140157534996,
            5069.994629985922,
            13546.649568618262,
            1494.1276151320528,
            6488.645651794091,
            4521.876904383331,
            4984.943939371536,
            0.0,
            10662.040415696,
            10813.501790186348,
            10555.68909415606,
            10655.492054972894,
            10569.129897165001,
            10767.86146029834,
            11086.02142981058,
            5472.294350831871,
            5304.719801988337,
            5116.359995236638,
            5444.323729274856,
            5356.810373411351,
            5323.154184051709,
            5432.799550981509,
            5596.350420356163,
            5777.494707325127,
            7335.684815849808,
            7495.417660541,
            9060.858414217308,
            9595.81296262879,
            10085.771665590706,
            11472.040288157184,
            13368.88701287706,
            13853.670704069751,
            15149.396020434091,
            17645.11874086741,
            17767.68672494849,
            7333.783370606609,
            5942.567805989562,
            5046.827006739336,
            4584.2272230665885,
            4030.19230919069,
            2929.127751029105,
            2083.2729131628116,
            467.01869190691957,
            856.2009351632753,
            1212.024700425926,
            1612.3264363461428,
            2746.5279252616674,
            3502.6505699433123,
            4269.893699382216,
            4792.508926449328,
            4840.616819292251,
            4885.765573315955,
            4938.673150226333,
            4969.307614374555,
            12620.965212939294,
            12924.50729532112,
            13389.176016932513,
            13669.805615488127,
            12969.035994689631,
            12521.021574422604,
            11883.651028489345,
            11414.51545623412,
            10008.520683610674,
            10551.828148187979,
            10626.211290642117,
            10388.861441100411,
            10133.658297483289,
            10218.139642128712,
            4992.173736951873,
            2455.159845799394,
            13203.29167230531,
            12936.632216663162,
            12950.641598738506,
            13202.913731050858,
            8286.11987309776,
            8328.980983360703,
            10079.983468018612,
            12936.617535497517
        ],
        [
            8767.567855741943,
            9471.317474635107,
            20564.718071721298,
            11448.632413044315,
            17139.304195436885,
            15138.39136168021,
            9968.549587201274,
            10662.040415696,
            0.0,
            19923.635544285764,
            20591.402355771654,
            20069.987742614987,
            20215.94841322257,
            19952.73478599736,
            19823.833956521335,
            9843.663006722449,
            10178.360353436063,
            8879.351042351345,
            7760.2776027922055,
            7482.66627246712,
            7140.855808836864,
            6780.198180856433,
            6392.157178984964,
            6013.160540978311,
            3649.1046721784346,
            3447.180019964025,
            1610.2748657847583,
            1066.2296710044127,
            576.4220463251766,
            889.9187788395606,
            4735.883254386269,
            5432.8191235663335,
            7079.1707801843295,
            9385.166338533829,
            9507.814025444355,
            17958.42548891952,
            16603.20790785385,
            15699.101881496137,
            15208.356172476377,
            14575.427956151516,
            12938.83461935652,
            11817.60135679709,
            10417.39852585318,
            10225.35974315982,
            10059.754063515784,
            9885.44807547585,
            9474.45942792074,
            9262.187938494193,
            9106.10662778127,
            9018.65538458281,
            9209.234952580278,
            9624.214008714951,
            9834.541712947146,
            9883.560223440445,
            20421.00905702315,
            20477.631670895295,
            20585.76048313797,
            20345.69248326748,
            19495.461256937164,
            18957.222320860426,
            18164.40404735533,
            17597.254206555717,
            15536.139403350626,
            15791.486055287658,
            15777.42959774222,
            15405.262391540498,
            15124.10855146266,
            15119.262629372797,
            14793.38359274312,
            8516.579190833236,
            17196.39940346174,
            17160.14261794133,
            17171.45114599225,
            17183.47071444037,
            2383.4117422339045,
            2349.593518386774,
            16633.170939092277,
            10605.408902097493
        ],
        [
            11219.420457378073,
            10561.108527463692,
            5078.503833768456,
            11302.925422492213,
            7127.063572419621,
            8902.904254932095,
            10050.708750870994,
            10813.501790186348,
            19923.635544285764,
            0.0,
            2970.12860821336,
            845.4685722535264,
            1557.5694846667675,
            200.33245900060456,
            946.5410638635764,
            10293.714558565618,
            9912.355581201373,
            11145.389057441309,
            12264.761177198738,
            12503.27396520414,
            12815.09132753298,
            13165.458592728102,
            13546.461122697901,
            13919.749797370638,
            16277.859008380767,
            16481.388657656145,
            18385.055602403056,
            18940.651487921896,
            19395.82392617237,
            20535.13504664551,
            20709.27738749238,
            20905.151028098706,
            21572.996967778497,
            23604.678851717854,
            23700.99799518228,
            6550.655651221806,
            7560.281056474944,
            8342.246381166413,
            8820.087734114963,
            9468.654366186578,
            11080.953563116638,
            11519.270283678268,
            10732.840910448293,
            10680.767892361144,
            10645.393354160466,
            10619.716297615852,
            10620.302069946827,
            10693.408988475423,
            10821.223925608389,
            10954.82159493751,
            10775.996172343408,
            10375.228268583205,
            10175.796922219684,
            10132.677013706601,
            3339.8792453887604,
            3904.9701377050405,
            4715.947076818115,
            5675.724780126153,
            5629.883627324231,
            5641.0192868801105,
            5765.648012843021,
            5877.236069259786,
            6950.813576416814,
            7303.669772119023,
            7424.861238263545,
            7625.881591109621,
            7684.002889789993,
            7796.929479727757,
            11501.27311497501,
            11896.499013511373,
            9377.48686853005,
            8996.005685854432,
            9003.492111121612,
            9393.75920487833,
            17673.304251883965,
            17677.836731871223,
            5379.970064646214,
            15944.546151206154
        ],
        [
            12229.88055193772,
            11665.585800060366,
            8025.991115979217,
            10648.004993029064,
            5292.022599665471,
            7500.338609898845,
            11168.167420465708,
            10555.68909415606,
            20591.402355771654,
            2970.12860821336,
            0.0,
            2124.6614669028204,
            1412.5872581187302,
            2769.8168289280948,
            3916.4383964481667,
            11519.206760237772,
            11120.14259856125,
            12208.9950836833,
            13273.573940335842,
            13455.584607437555,
            13709.800221541936,
            14028.43975793377,
            14381.846509608868,
            14729.386878911655,
            16966.428949912774,
            17162.625906800946,
            18999.28839128017,
            19558.525128079178,
            20035.634593562412,
            21287.28481105771,
            21997.91300958491,
            22274.909683765938,
            23115.623908299443,
            25297.08358424329,
            25401.156570678384,
            4481.636780673447,
            5858.817986243188,
            6839.144060136152,
            7407.419054197292,
            8160.45489430261,
            10024.952794100403,
            10715.18648532981,
            10604.60188663091,
            10660.830479202448,
            10724.347611769517,
            10809.367493727355,
            11117.136031159793,
            11385.887804752081,
            11702.303327348247,
            11956.301762974135,
            11805.349752324182,
            11446.841146660632,
            11273.939309352118,
            11241.315343280969,
            6271.418146352762,
            6841.20855563633,
            7656.883107880366,
            8638.418866468843,
            8596.083010337314,
            8586.513532287154,
            8649.608172166361,
            8696.088418881096,
            9456.73851569734,
            9888.985465552338,
            10014.856331700423,
            10158.325095225617,
            10164.10781572023,
            10284.89692350625,
            9927.903253133074,
            12173.695825204903,
            12188.876724675321,
            11803.729294713843,
            11812.29351446917,
            12203.984539013803,
            18247.92377435442,
            18266.819348590114,
            7991.420886276559,
            18028.80122773651
        ],
        [
            11436.569258468075,
            10802.860286306895,
            5915.3957607962675,
            11038.09882935023,
            6519.128282068874,
            8420.075548577666,
            10292.928075997803,
            10655.492054972894,
            20069.987742614987,
            845.4685722535264,
            2124.6614669028204,
            0.0,
            712.1071099835726,
            645.1560357174723,
            1791.8828448875279,
            10571.076438295491,
            10181.577162128055,
            11378.301799970157,
            12487.20866563849,
            12709.853214894893,
            13005.870383420497,
            13348.378948144971,
            13722.846740931702,
            14090.059242696201,
            16420.903685115078,
            16622.91010680798,
            18512.224702669864,
            19070.23520027163,
            19532.861022876838,
            20707.40749633167,
            21040.274560233247,
            21260.647161081477,
            21981.159707945564,
            24060.141696909417,
            24158.88404308416,
            5882.783910787896,
            6989.141101850408,
            7828.423460111607,
            8333.885968667895,
            9015.19234368171,
            10706.125223843188,
            11215.175066529955,
            10610.884410532326,
            10589.31301208657,
            10582.08492874464,
            10588.250200299304,
            10678.989732063385,
            10810.963058762285,
            10996.523427543107,
            11167.592047237382,
            10996.124683879261,
            10605.618955489732,
            10412.953516735815,
            10372.763237123867,
            4169.035502273882,
            4736.706068977144,
            5550.139321537049,
            6518.487191343645,
            6473.793316024379,
            6477.002745471294,
            6578.447885843941,
            6665.836666706377,
            7629.551918803802,
            8011.7943973188885,
            8135.0336640881405,
            8316.60511167011,
            8356.74702126388,
            8472.828368303255,
            10993.715281470397,
            11899.510694379538,
            10168.137818254098,
            9785.033997158496,
            9792.899387944914,
            10184.026045405657,
            17787.039215124212,
            17795.780435932113,
            6089.288425976762,
            16509.29454962344
        ],
        [
            11660.174380641545,
            11048.913271402016,
            6622.433856471451,
            10857.26082273373,
            6048.3642867076815,
            8056.360475406005,
            10541.59751946851,
            10569.129897165001,
            20215.94841322257,
            1557.5694846667675,
            1412.5872581187302,
            712.1071099835726,
            0.0,
            1357.2479095522433,
            2503.977739548678,
            10846.731007469247,
            10452.428272886507,
            11614.910232592654,
            12711.440893958652,
            12920.443081670946,
            13202.629920410047,
            13537.68382676443,
            13905.730085005944,
            14266.96005000125,
            16569.998168063026,
            16770.349920268396,
            18644.47785483251,
            19203.649844180723,
            19671.808977365938,
            20874.08038021804,
            21337.442499079265,
            21577.654223883932,
            22340.536665981967,
            24456.543611596546,
            24557.198227192413,
            5356.456982559161,
            6550.966924825134,
            7439.322240909863,
            7967.538816360232,
            8675.28083519315,
            10429.449465791151,
            10999.135432067247,
            10555.68736300606,
            10560.260936007886,
            10576.979676762292,
            10610.030099307825,
            10775.767927894336,
            10955.793466886762,
            11187.849513817906,
            11388.698535315998,
            11223.895266851703,
            10843.34941880962,
            10656.999081927492,
            10619.350666332037,
            4872.3495616405235,
            5441.094441510484,
            6255.625247416011,
            7229.066331511268,
            7184.65588111364,
            7182.326692382203,
            7267.873392016506,
            7338.625637195085,
            8223.097485957083,
            8625.469523795731,
            8749.912119535187,
            8916.9938110669,
            8943.949627020631,
            9062.041065480218,
            10596.321919606602,
            11944.537224101632,
            10839.198145275155,
            10455.140786818334,
            10463.279826480588,
            10854.792427782562,
            17909.302626816585,
            17921.529568391208,
            6709.358083268259,
            17000.163697215612
        ],
        [
            11263.116715628114,
            10610.419104838316,
            5276.90659568424,
            11232.665391848228,
            6976.881187366254,
            8781.556144056958,
            10099.849535190684,
            10767.86146029834,
            19952.73478599736,
            200.33245900060456,
            2769.8168289280948,
            645.1560357174723,
            1357.2479095522433,
            0.0,
            1146.8625710224303,
            10351.515204986878,
            9967.964904477209,
            11192.855762837278,
            12310.190114732666,
            12544.97433466551,
            12853.109824876326,
            13201.71628956065,
            13581.28156308268,
            13953.234923331776,
            16305.464467723603,
            16508.677561247412,
            18409.311884724626,
            18965.584511091252,
            19422.613707597877,
            20570.52005119858,
            20782.7882635925,
            20984.59550536403,
            21665.244294804575,
            23708.56807605404,
            23805.48217519696,
            6387.145821580498,
            7418.446991429163,
            8213.621271428736,
            8697.934075853214,
            9354.241868884359,
            10985.229667201946,
            11440.019205445607,
            10695.598658912097,
            10650.659154998935,
            10621.890870994268,
            10603.715016020882,
            10625.693131515598,
            10712.898511410021,
            10854.639427900313,
            10997.332275243733,
            10820.191913754568,
            10421.690169557576,
            10223.783920280575,
            10181.348594639361,
            3536.1431374046956,
            4101.991280500127,
            4913.663037532403,
            5875.535343765303,
            5829.636097654586,
            5838.461220006097,
            5956.701329044537,
            6061.776209144399,
            7106.889977286531,
            7467.483888746667,
            7589.2463403320535,
            7785.321219722938,
            7838.846845019964,
            7952.6251740459065,
            11375.435429122725,
            11889.31244048981,
            9563.076316437455,
            9181.136841286158,
            9188.72263551287,
            9579.250369071226,
            17694.21714964347,
            17699.754458812175,
            5543.194124818717,
            16074.27324242925
        ],
        [
            11070.61748285214,
            10388.155861711428,
            4141.783571105095,
            11685.554490145885,
            7873.348252481603,
            9520.466555701783,
            9881.133588528231,
            11086.02142981058,
            19823.833956521335,
            946.5410638635764,
            3916.4383964481667,
            1791.8828448875279,
            2503.977739548678,
            1146.8625710224303,
            0.0,
            10080.854274751116,
            9712.12025740783,
            10978.712685927123,
            12103.558188281508,
            12359.18393127397,
            12687.637489292783,
            13045.329830370561,
            13432.065825544865,
            13810.677277361556,
            16191.238598292408,
            16395.86666470338,
            18310.573136011764,
            18862.087166444322,
            19307.755099462796,
            20404.561713945226,
            20395.337948075827,
            20562.271090193295,
            21167.2750268984,
            23140.536570465247,
            23233.883859174526,
            7353.409309372357,
            8270.180505780332,
            8993.208471428601,
            9441.437711733886,
            10054.050529401546,
            11578.588376646536,
            11941.749341976385,
            10967.186491884364,
            10882.485367567302,
            10816.723964392717,
            10756.340159641059,
            10656.762719244507,
            10662.812277320087,
            10723.583059867351,
            10812.882149061508,
            10626.746086912195,
            10216.953535453977,
            10011.155424394105,
            9964.945297644339,
            2418.5728787758517,
            2977.4823503096363,
            3783.336082563895,
            4731.3623817615635,
            4687.840136138188,
            4713.75668775504,
            4877.049556268708,
            5026.811537538322,
            6255.347065361791,
            6564.273694414121,
            6681.839828168251,
            6908.859238110832,
            6991.476840926997,
            7099.324104646353,
            12130.93247645066,
            11986.609140242343,
            8514.27923144588,
            8135.756010196853,
            8142.688654123327,
            8531.069406959805,
            17615.901377037884,
            17615.65116736703,
            4655.654971727719,
            15360.844764225654
        ],
        [
            1207.756616376936,
            529.7407480604738,
            10815.694876185124,
            6962.2931844187,
            9773.496836967819,
            8807.569875531923,
            520.0343596125571,
            5472.294350831871,
            9843.663006722449,
            10293.714558565618,
            11519.206760237772,
            10571.076438295491,
            10846.731007469247,
            10351.515204986878,
            10080.854274751116,
            0.0,
            399.5384414344118,
            1022.8309238602202,
            2092.6366265161073,
            2395.204028331395,
            2770.9915872053252,
            3138.716598145803,
            3528.9116134518654,
            3911.118747231925,
            6295.640511294763,
            6499.107760272823,
            8411.973645529364,
            8943.811257512323,
            9359.307446488154,
            10366.799654783166,
            10494.18685610272,
            10756.27127265417,
            11631.90376862573,
            13902.856530099625,
            14013.118677294517,
            10294.219195238718,
            9469.953479933956,
            9016.104965818886,
            8823.817768119265,
            8627.56611509254,
            8252.42590208156,
            7548.512600809323,
            5011.641530700454,
            4628.738867759546,
            4279.647941848667,
            3888.3798978903183,
            2791.103085173387,
            2084.024605170134,
            1419.2133176879752,
            1063.6062529604178,
            880.8173485110824,
            612.0565933843118,
            535.4375256083642,
            511.5678059725799,
            10579.418326798674,
            10651.085136711614,
            10805.177033847702,
            10668.891284043046,
            9835.416705337833,
            9305.642425795735,
            8529.825486029291,
            7969.492524034313,
            6019.760960973635,
            6410.232280420163,
            6434.49458046123,
            6097.440691554845,
            5806.652692947506,
            5844.5128066168945,
            10210.712542598925,
            3949.733827933348,
            8572.86408240922,
            8395.158590714014,
            8408.717567971495,
            8566.975460977526,
            7786.470294081969,
            7769.502846064706,
            6876.428159390926,
            7743.195909954864
        ],
        [
            1453.9783980981715,
            726.9948684907159,
            10535.530108227102,
            6785.530338381784,
            9411.3586892466,
            8495.760948426345,
            361.0194892957611,
            5304.719801988337,
            10178.360353436063,
            9912.355581201373,
            11120.14259856125,
            10181.577162128055,
            10452.428272886507,
            9967.964904477209,
            9712.12025740783,
            399.5384414344118,
            0.0,
            1306.48233360762,
            2418.09053258335,
            2704.652313695945,
