{
    "file_name": "taxi_data/taxi_data_3.txt",
    "method": "p_median_importance_reduced",
    "Delta": [
        [
            0.0,
            25587.157162374235,
            66051.9650228167,
            9598.988118766141,
            93971.8162860989,
            9782.904650972683,
            18499.328840082286,
            10249.357214928288,
            6573.993452342619,
            42291.89725881751,
            5567.2949058533595,
            11088.931174125119,
            59884.12504167046,
            12705.153500043301,
            8200.274605733719,
            6721.531794150097,
            14181.766945208556,
            11540.273367506434,
            4057.7761894982827,
            11891.670742640357,
            24093.132007194257,
            2276.4160895243945,
            70273.24748058121,
            8509.3372708646,
            8144.463490621038,
            7888.7729197046065,
            11757.779422580135,
            5992.795336607234,
            10524.232352283068,
            10651.911526785852,
            11518.036849803806,
            5221.006910725084,
            2497.6152574710754,
            21678.771557352153,
            8720.68748479373,
            2748.578387908777,
            17326.14166713704,
            7516.640385258973,
            57215.53003771417,
            4187.174243846585,
            11866.454345796992,
            8820.087734114963,
            10256.773332626972,
            61491.38029029717,
            14744.537165931253,
            21042.743918452594,
            11080.378057078226,
            10341.819438150806,
            23800.962366308882,
            1653.6402770655595,
            6287.872440504319,
            11254.97180245441,
            8937.563492833262,
            13342.13837885001,
            6970.112158690495,
            784.0426877560627,
            10493.603447165391,
            6222.879604492914,
            12647.868798319223,
            13057.996975200944,
            8611.263348788887,
            3688.6184131663085,
            7363.4040073963215,
            7407.419054197292,
            11575.667064500582,
            11124.240066392056,
            6803.259978105213,
            4902.040084808394,
            5862.689081738442,
            3205.2771718041845
        ],
        [
            25587.157162374235,
            0.0,
            40516.944445288456,
            19792.537471040432,
            68401.98037956153,
            26507.112565905198,
            10624.24180137454,
            35754.250130235545,
            19349.217131242058,
            17945.43168451362,
            25883.983121346286,
            16218.507220852898,
            34365.94387962197,
            29050.65658018273,
            22135.975368978645,
            32075.740761910005,
            13960.396783133188,
            22458.95562528552,
            22677.307475875627,
            30996.414962010924,
            4870.492191651159,
            27353.83206437672,
            44686.90413269453,
            33093.447411589324,
            24162.25179832712,
            29250.44673995232,
            19736.069691520508,
            21423.523797341848,
            18421.51855546169,
            26884.583075944294,
            32863.23803913479,
            20370.083445282176,
            23760.721467203373,
            6605.066287526089,
            17793.06684769091,
            25992.903014869044,
            11330.855234232327,
            20631.103520008586,
            31727.199760311905,
            29738.420004425345,
            16494.995755744407,
            25263.096570129397,
            24603.999571220207,
            35959.11978603877,
            13335.052606411004,
            9039.860448429597,
            20568.30901813594,
            15955.343658181288,
            3371.771107154147,
            24367.02359464981,
            19382.52434160047,
            27471.01747950778,
            20880.78937126731,
            30055.470453141512,
            32536.603058153407,
            26171.913487948565,
            30619.81181816006,
            19585.71574101416,
            30530.805727991745,
            15563.8720380011,
            33463.38719157784,
            28913.50579145653,
            18812.14485002554,
            22721.912977294396,
            21542.292828198515,
            23168.91527843771,
            20908.45172439969,
            22107.679824786886,
            19877.24771874052,
            23261.128242215684
        ],
        [
            66051.9650228167,
            40516.944445288456,
            0.0,
            59860.31354985006,
            27958.25686527392,
            66329.89773673618,
            49693.82511388287,
            76256.97481793555,
            59865.25880574951,
            25039.827622570694,
            65701.1590249763,
            56478.71055991359,
            6177.945362578805,
            68408.95548356864,
            62267.2117071,
            72588.99506249413,
            53838.82031381792,
            61903.13602541115,
            63184.86807734092,
            70741.61595774043,
            43005.65228678187,
            67720.23070897875,
            5162.571020812355,
            73581.52451531452,
            64235.2718460602,
            68801.66158248842,
            59317.26438505343,
            61866.42791260727,
            58459.37369722318,
            65492.31584271788,
            72910.72874455313,
            60851.23992106841,
            64276.50683118439,
            45582.85532780307,
            58245.65678890321,
            66233.19808310828,
            50729.98864855049,
            60961.99576517001,
            8887.149438499999,
            70167.24121764908,
            56514.26950867646,
            65226.78780940272,
            64298.56121105235,
            4560.588491226371,
            53182.3636189326,
            47253.10582371435,
            60240.73609624105,
            56409.082577467845,
            42759.036822605056,
            64873.641708871466,
            59793.21867082723,
            67043.67525708253,
            60972.425770361086,
            69357.99154457341,
            73017.78749615357,
            66606.5998197282,
            70597.16426958445,
            60102.23402378267,
            70055.42259752506,
            55429.65330716852,
            73967.45004824882,
            69264.78041134519,
            59313.0238014414,
            62940.08251866512,
            61022.98185796204,
            62690.17295664631,
            61304.5769213249,
            62595.54932422104,
            60390.79347833859,
            63777.49011735545
        ],
        [
            9598.988118766141,
            19792.537471040432,
            59860.31354985006,
            0.0,
            87512.66958745336,
            6760.850983704792,
            10336.339854753,
            17818.98478758462,
            4869.365067441191,
            37639.58656500665,
            13878.456058221525,
            3682.245620119886,
            53782.96611312098,
            9629.34394707545,
            2414.9400262618205,
            14159.517344250171,
            6026.2874815998475,
            3761.3989272725953,
            5549.515593847435,
            11240.446017216098,
            16872.245374851413,
            11872.833808296038,
            63727.2692532699,
            14284.38698561518,
            4387.01619508412,
            17036.86440035596,
            2294.153073337451,
            3624.68330318419,
            1401.4338259866377,
            18278.519527210883,
            13097.07087481395,
            6677.400687200798,
            7104.962456057705,
            14294.868150014265,
            3575.585725407462,
            11815.970059954923,
            9218.89601564365,
            2096.4993826869027,
            51215.486091013736,
            13229.822573141535,
            3346.65517971898,
            5472.623558163105,
            5040.275396623491,
            55334.02036237703,
            6683.346741894306,
            12915.242875433989,
            2016.6678557027767,
            4722.541103001614,
            17146.67875201295,
            7947.279463350223,
            7553.68655083487,
            7901.325846480202,
            1113.0993326859264,
            10642.735025355445,
            15134.954433748542,
            10382.82817148299,
            10830.812258168224,
            5268.880640821246,
            10907.489545159337,
            4460.06788558131,
            14818.829643100025,
            13179.143475821782,
            4164.808670862382,
            3172.6743847359808,
            3107.7367260998876,
            4092.171718572541,
            2827.046382315135,
            4710.080043705667,
            5590.222073758546,
            6399.296065869644
        ],
        [
            93971.8162860989,
            68401.98037956153,
            27958.25686527392,
            87512.66958745336,
            0.0,
            93853.36660925814,
            77244.87716039468,
            104156.22957332322,
            87732.22849154868,
            52754.69760358087,
            93654.74076658384,
            84214.80368714666,
            34136.037460013715,
            95755.44542922873,
            89926.79897517669,
            100474.14044859202,
            81487.57045231505,
            89347.69393309932,
            91032.23439314522,
            98204.31218268085,
            70643.92332155873,
            95663.14740136456,
            23785.703572007,
            101395.41465870642,
            91862.32769536354,
            96737.77045247862,
            86830.1095455839,
            89662.94360235638,
            86111.90929064322,
            93353.85480724086,
            100481.39905998592,
            88762.85388447279,
            92156.7539564008,
            73219.4583764239,
            86055.8743440822,
            94187.0924670805,
            78319.47290666666,
            88705.53885653093,
            36840.81223020418,
            98099.30976179396,
            84175.94346186303,
            92807.96521889667,
            91795.46940839433,
            32511.480726196693,
            80830.64457649678,
            74739.34259225537,
            87769.46854647173,
            84224.20898413062,
            70515.3617662024,
            92768.98179168442,
            87724.80563356199,
            94475.43127485535,
            88625.65358126884,
            96675.78314918633,
            100931.94227700793,
            94535.95549928547,
            98150.7661220377,
            87980.67047042846,
            97443.33211813882,
            83059.33826480396,
            101800.64077086556,
            97210.31394769084,
            87156.46088984242,
            90629.13080234286,
            88488.21326003021,
            90148.77376798008,
            89077.08310813388,
            90422.47621948406,
            88277.29690150073,
            91643.69811352112
        ],
        [
            9782.904650972683,
            26507.112565905198,
            66329.89773673618,
            6760.850983704792,
            93853.36660925814,
            0.0,
            16637.00143670028,
            13778.54654996648,
            9592.282864148347,
            44387.65355322755,
            15309.891409898582,
            10434.693504747633,
            60290.774453854596,
            3303.9301589858596,
            4624.588311015294,
            10707.606773180105,
            12594.248029118133,
            4621.842127416551,
            7394.529974181512,
            4489.706210320256,
            23339.849017117445,
            11532.993760568186,
            70082.18809866278,
            9642.50805533764,
            2692.268242559653,
            17529.880289406028,
            7023.5942745316415,
            6832.110291782048,
            8096.798481602927,
            20353.229702541972,
            6656.962852538989,
            10473.748812138661,
            8153.040354967516,
            20769.7360339474,
            9663.13424946871,
            12531.482899466713,
            15606.845088446444,
            6610.611002605477,
            57754.16979531885,
            11509.472184582975,
            10012.295573880121,
            1436.4668584162919,
            2087.3034823962107,
            61823.63096207436,
            13240.667906776222,
            19114.977744783395,
            6090.256323659771,
            11246.733478278344,
            23757.421293692645,
            8654.884882147495,
            11870.123233532364,
            1559.8762713790015,
            5729.361001323912,
            4222.580708957724,
            12061.30913815943,
            10377.345619510173,
            4314.01649026294,
            9752.294943342324,
            4208.810106658829,
            10983.624839465074,
            10330.717441840634,
            12182.800381000803,
            9429.040076161371,
            4406.2986598380085,
            5410.174255184974,
            3803.1529469675274,
            6775.172324816053,
            7103.160450624468,
            9825.14524598255,
            7781.192902722776
        ],
        [
            18499.328840082286,
            10624.24180137454,
            49693.82511388287,
            10336.339854753,
            77244.87716039468,
            16637.00143670028,
            0.0,
            27877.410858899566,
            11964.797199986866,
            28454.289899595384,
            20884.85201545532,
            7476.290881883925,
            43663.93280485771,
            18826.426361737154,
            12744.706452267406,
            24156.36029832106,
            4425.616143640712,
            12248.592290532975,
            14750.513614754227,
            21054.707347516625,
            6745.835189790713,
            20656.54174166855,
            53465.22340261434,
            24555.099188039752,
            14633.299009030188,
            24415.648284273582,
            9624.998856572947,
            13029.387118442506,
            8950.525711586633,
            23780.87820084795,
            23240.78181197479,
            13667.861054619927,
            16176.699267214402,
            4227.5339995315,
            9780.72191697416,
            19875.124248435324,
            1176.1185149007538,
            11801.591578597465,
            41142.776422164454,
            22600.69557046967,
            7072.546984022088,
            15563.2658503523,
            14606.748949612294,
            45191.2298543765,
            3803.035955085957,
            2600.3001229990596,
            10547.127554589066,
            8223.964126868168,
            7446.612867567055,
            16957.313790766413,
            13357.742469302351,
            17380.030277178186,
            11441.879762398512,
            19806.18104150036,
            24954.303588147348,
            19231.480240960052,
            20916.067871186835,
            12358.415840398726,
            20417.829063915047,
            5887.984865404422,
            25054.557969912,
            22168.908003266384,
            11139.46339723347,
            13500.52104418222,
            11353.424567379201,
            13019.956979029455,
            12314.095993120058,
            13986.449112730043,
            12752.167087903174,
            15525.784953941722
        ],
        [
            10249.357214928288,
            35754.250130235545,
            76256.97481793555,
            17818.98478758462,
            104156.22957332322,
            13778.54654996648,
            27877.410858899566,
            0.0,
            16458.57490548051,
            52531.0857042538,
            12621.284603058195,
            20433.496712138483,
            70094.51191190763,
            14716.291217883532,
            15595.722898765302,
            3730.86526916959,
            23452.116561057737,
            17874.31550324203,
            13248.37704618074,
            12090.27864214547,
            33935.681207134796,
            8932.237812663103,
            80430.43822008459,
            4213.018837318229,
            14218.74748636904,
            11621.563454873007,
            19400.036733367786,
            14855.363813725882,
            19101.345647036174,
            16401.33138224488,
            9549.216670606631,
            15411.463576789458,
            12017.915729972789,
            31436.753353287728,
            18308.057473982448,
            10755.85579205349,
            26709.26338197324,
            16100.433902267068,
            67433.80212879012,
            6353.527225112878,
            20850.607993977985,
            13919.749797370638,
            15538.203943467464,
            71696.90747956846,
            24077.9226174969,
            30475.67749604273,
            18485.263970433836,
            20094.09415951777,
            33797.51663085311,
            11387.358000003382,
            16537.09180151876,
            14417.594248422809,
            16806.134930369804,
            14643.835482431836,
            3322.344122159222,
            9774.34906015186,
            10784.554015859312,
            16188.878382373028,
            13431.14870595484,
            22066.045441525537,
            3491.4001023033356,
            7578.272694798023,
            17097.492802487937,
            14729.386878911655,
            18383.685294782365,
            17136.373269301148,
            15563.666055568978,
            13947.03278216008,
            15882.815913418286,
            12568.220549734888
        ],
        [
            6573.993452342619,
            19349.217131242058,
            59865.25880574951,
            4869.365067441191,
            87732.22849154868,
            9592.282864148347,
            11964.797199986866,
            16458.57490548051,
            0.0,
            36577.79531175378,
            9506.193320632054,
            4709.9132892162015,
            53715.07607906474,
            12874.51020252925,
            5340.197003845023,
            12751.537235659705,
            7740.744531338478,
            8358.165669386057,
            3366.4298842484523,
            13566.33839989461,
            17556.30643632914,
            8693.51396218027,
            63989.29926197791,
            13790.394883938243,
            6922.600887391823,
            12900.261360837123,
            7094.774601275644,
            2781.7528684138697,
            5048.908955280434,
            13554.794282508938,
            14565.078172606398,
            1961.887147084388,
            4441.871972867624,
            15117.122893638953,
            2286.3272972072173,
            7996.239198104593,
            10797.544588787932,
            3317.6473145066484,
            51072.70338975811,
            10737.390538751955,
            5745.769237484199,
            8162.384284451162,
            8654.368370897271,
            55307.975229255,
            8262.05801019254,
            14486.32270309911,
            6873.314487894309,
            3769.263124636722,
            17345.16978834063,
            5127.4797988335085,
            2691.488238341985,
            11079.74868164883,
            4991.884410247931,
            13814.458448317713,
            13319.850824046602,
            7284.403178387633,
            12657.021481333968,
            451.82486960798695,
            13688.352264920783,
            6832.202749242258,
            14129.372002637923,
            10215.695713809735,
            906.358947589664,
            5230.606153274125,
            7880.31890300012,
            8423.154025656568,
            2883.325095712178,
            2960.8323959185827,
            855.4365436120144,
            3912.3824622142147
        ],
        [
            42291.89725881751,
            17945.43168451362,
            25039.827622570694,
            37639.58656500665,
            52754.69760358087,
            44387.65355322755,
            28454.289899595384,
            52531.0857042538,
            36577.79531175378,
            0.0,
            41241.81797860806,
            34003.611674925305,
            19024.839364389296,
            46989.62494761491,
            39934.06611477867,
            48986.302764676955,
            31894.672366057093,
            40402.64215844971,
            39943.2313849044,
            48875.53108201855,
            21945.81004076037,
            43726.66203212685,
            29893.878944850574,
            50334.582500897566,
            41971.93768792993,
            44172.086727430215,
            37677.68026906688,
            38924.55154941084,
            36290.856859941414,
            40626.04216239838,
            50626.600607543354,
            37233.25530789691,
            40819.6705460314,
            24268.16397985466,
            35329.83977803595,
            42094.25144201342,
            29241.344998141525,
            38301.05223544907,
            16317.270977621709,
            46259.17018429394,
            34385.56417398769,
            43108.809364221626,
            42519.015024860986,
            20656.454813061537,
            31274.80668899578,
            26514.043934609534,
            38500.61988360159,
            33522.2129238877,
            21008.17524245487,
            41309.01328433723,
            36016.46990428006,
            45393.738864657105,
            38708.65876553138,
            47996.16910595647,
            49223.984526789696,
            42759.73888515043,
            48427.89138340368,
            36735.988873340706,
            48451.0654482862,
            33492.33651076345,
            50623.70246409023,
            45226.593905156486,
            36181.087570080745,
            40462.79160547895,
            39485.73536160237,
            41107.57512696743,
            38496.1809020092,
            39478.57072413494,
            36964.71956856404,
            40415.34454538905
        ],
        [
            5567.2949058533595,
            25883.983121346286,
            65701.1590249763,
            13878.456058221525,
            93654.74076658384,
            15309.891409898582,
            20884.85201545532,
            12621.284603058195,
            9506.193320632054,
            41241.81797860806,
            0.0,
            14132.64208864875,
            59526.26251897054,
            18272.151055421862,
            13093.179719156236,
            10096.934613118341,
            17009.181414431514,
            16532.50505679217,
            8667.540935717518,
            17368.317383777667,
            25430.787537175496,
            4554.243616918958,
            70151.19517564775,
            12584.807413431503,
            13460.27729542875,
            3538.6988743727234,
            16167.239499055146,
            10382.154954347772,
            14429.025284881098,
            5089.2391148177785,
            16683.238915368674,
            7553.712015566221,
            7369.983069127816,
            23283.63544212079,
            11755.344359339319,
            2879.3625896269177,
            19773.853150861807,
            11834.533399924867,
            56815.177869440624,
            6671.962231119773,
            15244.972770634056,
            14267.201478827286,
            15598.628713563052,
            61157.49248632268,
            17442.927055984044,
            23222.016805720836,
            15673.990209133417,
            12836.609218308467,
            24770.382771973113,
            6713.522556047099,
            7539.483879454186,
            16803.04728417057,
            13511.566586589188,
            18904.829055051887,
            9516.625032902417,
            5108.144186314299,
            15926.2780628293,
            9054.981503540483,
            18183.859406919262,
            16293.061825095627,
            12410.60913898554,
            5270.811690536931,
            10410.991137906125,
            12425.27734084156,
            16393.39438999692,
            16242.613982166284,
            11111.50933692899,
            9398.617142301058,
            8652.2400618319,
            7945.718789781857
        ],
        [
            11088.931174125119,
            16218.507220852898,
            56478.71055991359,
            3682.245620119886,
            84214.80368714666,
            10434.693504747633,
            7476.290881883925,
            20433.496712138483,
            4709.9132892162015,
            34003.611674925305,
            14132.64208864875,
            0.0,
            50374.634197190775,
            13292.559178159432,
            5931.598823857297,
            16705.996649441175,
            3094.962143615155,
            7079.40867287807,
            7274.787736708795,
            14903.221595720044,
            13618.229898317404,
            13294.195188317595,
            60432.71652817452,
            17249.182368226975,
            7968.43521292851,
            17576.414834698455,
            4596.514916280307,
            5579.718137686389,
            2470.3057618601415,
            17826.70050141035,
            16649.29819847434,
            6602.1354101275365,
            8717.478798689084,
            11070.152491072367,
            2425.500090610199,
            12702.184678661839,
            6300.9954533813025,
            4490.9329583785875,
            47783.17845258927,
            15145.467763387007,
            1354.325746440995,
            9115.794363189749,
            8707.50795039779,
            51939.508790589534,
            3679.294615016419,
            10062.470312340121,
            5060.920251461404,
            1718.248077673863,
            13719.688950314401,
            9512.75295205467,
            6752.27893708518,
            11578.781519363476,
            4714.318178482292,
            14307.757541074236,
            17480.10257779884,
            11839.304302905473,
            14426.46530778124,
            5145.515316039226,
            14589.735164888125,
            2169.4497055230386,
            17709.553158223014,
            14775.091953663785,
            3819.5024920537385,
            6505.218694194494,
            6235.786095913091,
            7590.047518589716,
            4906.5230388458185,
            6512.313769577108,
            5554.381636243084,
            8056.902463372051
        ],
        [
            59884.12504167046,
            34365.94387962197,
            6177.945362578805,
            53782.96611312098,
            34136.037460013715,
            60290.774453854596,
            43663.93280485771,
            70094.51191190763,
            53715.07607906474,
            19024.839364389296,
            59526.26251897054,
            50374.634197190775,
            0.0,
            62426.10423866949,
            56185.69641723402,
            66431.08283207667,
            47767.8546117601,
            55894.982850215354,
            57040.38569432868,
            64718.61910177299,
            36952.41589835165,
            61545.61621595949,
            10869.042417166243,
            67445.32250728818,
            58163.33495508805,
            62634.08160038275,
            53288.59832437628,
            55739.115915865485,
            52383.041739617074,
            59353.693415641814,
            66851.49079761145,
            54686.384186749776,
            58121.20287952261,
            39526.260089363896,
            52115.0591274559,
            60055.828130840804,
            44684.24538300961,
            54852.8674135161,
            2729.6274994985242,
            63995.591317987724,
            50436.31271824154,
            59169.41352197852,
            58270.13687675234,
            1641.8421332134362,
            47112.20839538086,
            41252.200727915355,
            54205.580780289645,
            50277.503059135706,
            36658.40350428957,
            58713.477854424666,
            53622.1998860264,
            61034.21162300465,
            54893.964897635815,
            63383.45780381295,
            66851.18417037427,
            60435.89173284383,
            64544.9114365661,
            53948.220428728506,
            64057.30100488985,
            49363.990978692054,
            67825.21041888422,
            63089.43200861496,
            53170.826346387104,
            56848.230621760056,
            55008.78805346905,
            56676.34252901144,
            55185.524137774904,
            56457.92025990593,
            54234.08818877941,
            57626.773026067865
        ],
        [
            12705.153500043301,
            29050.65658018273,
            68408.95548356864,
            9629.34394707545,
            95755.44542922873,
            3303.9301589858596,
            18826.426361737154,
            14716.291217883532,
            12874.51020252925,
            46989.62494761491,
            18272.151055421862,
            13292.559178159432,
            62426.10423866949,
            0.0,
            7752.557341678942,
            12238.139116884691,
            15095.197690314419,
            6603.474720638473,
            10665.098460246305,
            2949.9220943287723,
            25572.170725887314,
            14226.555062145004,
            72024.22312744756,
            10515.040368857603,
            5952.474219419427,
            20218.749572832287,
            9315.559637024933,
            10126.978990135489,
            10855.080638983836,
            23352.300009702783,
            5834.416788952484,
            13775.448573105394,
            11316.107195312434,
            23037.55043975663,
            12798.581494357688,
            15432.226845148045,
            17886.681284400118,
            9804.935426753402,
            59933.68286385115,
            13763.086086280244,
            12673.738703865083,
            4715.947076818115,
            4589.071555355652,
            63933.712185487195,
            15715.841527041895,
            21176.76625828571,
            8493.995332688213,
            14282.195163371478,
            26147.740064100533,
            11741.52186229565,
            15174.050405677022,
            1800.0519587648082,
            8704.159561641296,
            1016.103143166482,
            13678.466601740845,
            13221.761545470983,
            3953.055292463392,
            13046.398558147555,
            1770.2522538672583,
            13501.533999694606,
            11241.866850523465,
            14644.689659479385,
            12670.202775938966,
            7656.883107880366,
            7516.502205747236,
            5882.0874638644555,
            10030.577610812574,
            10402.811574514048,
            13126.212069265344,
            11000.02210354489
        ],
        [
            8200.274605733719,
            22135.975368978645,
            62267.2117071,
            2414.9400262618205,
            89926.79897517669,
            4624.588311015294,
            12744.706452267406,
            15595.722898765302,
            5340.197003845023,
            39934.06611477867,
            13093.179719156236,
            5931.598823857297,
            56185.69641723402,
            7752.557341678942,
            0.0,
            11994.37256173214,
            8439.448514052701,
            3440.684609736816,
            4425.9149284988425,
            9019.763776726884,
            19285.087851335677,
            10409.423480568026,
            66141.30539240922,
            11945.696544972885,
            2039.6117748221502,
            15978.12206454955,
            3847.0339824469334,
            2906.6370950045466,
            3814.932269517035,
            17825.536796910987,
            10728.013225768404,
            6688.263773376991,
            5829.897536882672,
            16708.139564824676,
            5053.109385321503,
            10703.488378917118,
            11631.951609061998,
            2080.778349610209,
            53613.70355292034,
            11420.044569813224,
            5754.324208876407,
            3232.3204311627715,
            3331.371791510791,
            57738.968516441404,
            9096.460308613985,
            15317.707494515062,
            3003.906033431234,
            6626.228927588602,
            19539.46595669317,
            6619.259525948071,
            7904.458706530423,
            5960.048068149223,
            1303.5539975970617,
            8740.025281545975,
            13057.800821897663,
            8962.748070242578,
            8494.867815358579,
            5605.886737679777,
            8833.067984808033,
            6874.424774686284,
            12503.311919979174,
            11563.073166691831,
            4984.7004865367035,
            885.3560387487807,
            3375.8401700071054,
            3243.959048653126,
            2474.3535718956477,
            3724.0508826996656,
            5790.636105029151,
            5182.868361162197
        ],
        [
            6721.531794150097,
            32075.740761910005,
            72588.99506249413,
            14159.517344250171,
            100474.14044859202,
            10707.606773180105,
            24156.36029832106,
            3730.86526916959,
            12751.537235659705,
            48986.302764676955,
            10096.934613118341,
            16705.996649441175,
            66431.08283207667,
            12238.139116884691,
            11994.37256173214,
            0.0,
            19731.994408562954,
            14485.399547274292,
            9519.977121843125,
            10013.6004501367,
            30206.575633883633,
            5830.15260178449,
            76738.13232496273,
            2694.751700691002,
            10760.626105112822,
            10082.979143851302,
            15828.202730879273,
            11129.776218223456,
            15418.230389207172,
            14550.673712866548,
            8066.530142246989,
            11781.926677874835,
            8317.85211738312,
            27706.08092069573,
            14578.328326104778,
            7753.489967748335,
            22986.868444168842,
            12395.522418492927,
            63777.117966339814,
            3424.973569702277,
            17142.81009449797,
            10620.302069946827,
            12276.891257899548,
            68029.78789255895,
            20355.317820553988,
            26753.514385665556,
            14934.462473126487,
            16367.813938213849,
            30079.983772705695,
            7722.570093424562,
            12970.495961619767,
            11594.100487773107,
            13171.531005339331,
            12383.267536018877,
            1452.8610620859135,
            6357.51141770203,
            8537.04015563745,
            12493.810167606585,
            11260.647132896473,
            18360.223442787123,
            2347.3715601822005,
            4827.787505526719,
            13375.544060502294,
            11117.136031159793,
            14923.676212699324,
            13787.414462401264,
            11845.505019836903,
            10216.20960839614,
            12198.628135328898,
            8850.581110544832
        ],
        [
            14181.766945208556,
            13960.396783133188,
            53838.82031381792,
            6026.2874815998475,
            81487.57045231505,
            12594.248029118133,
            4425.616143640712,
            23452.116561057737,
            7740.744531338478,
            31894.672366057093,
            17009.181414431514,
            3094.962143615155,
            47767.8546117601,
            15095.197690314419,
            8439.448514052701,
            19731.994408562954,
            0.0,
            8520.614315964309,
            10356.035679777426,
            17074.01368989729,
            10845.961402501918,
            16379.342983712471,
            57702.00733435087,
            20150.361634764176,
            10396.620642726088,
            20497.45268727922,
            5790.315703629447,
            8608.00743208727,
            4624.976335490671,
            20397.152761822883,
            19087.943940450732,
            9564.638183581848,
            11810.808172319386,
            8268.723511514509,
            5483.0881368401415,
            15731.644407643304,
            3261.986325221124,
            7381.087667849483,
            45208.42486530859,
            18238.55764135331,
            2691.573079127614,
            11413.727202275191,
            10652.330500627957,
            49315.36997965221,
            657.059336279035,
            7025.164803460421,
            6607.93308218662,
            4175.242407418327,
            11166.09822097152,
            12607.66141720343,
            9500.588084009789,
            13512.459277934666,
            7139.376540626832,
            16102.757472033034,
            20542.213619205868,
            14929.587454221164,
            16793.69505432197,
            8161.2447884104695,
            16572.730587431994,
            1610.9294809790217,
            20640.89064315727,
            17866.535669341727,
            6872.245267855675,
            9152.726562852062,
            7603.656877119682,
            9213.421803058009,
            7888.581267710572,
            9578.699446460267,
            8566.542728623223,
            11146.679298115045
        ],
        [
            11540.273367506434,
            22458.95562528552,
            61903.13602541115,
            3761.3989272725953,
            89347.69393309932,
            4621.842127416551,
            12248.592290532975,
            17874.31550324203,
            8358.165669386057,
            40402.64215844971,
            16532.50505679217,
            7079.40867287807,
            55894.982850215354,
            6603.474720638473,
            3440.684609736816,
            14485.399547274292,
            8520.614315964309,
            0.0,
            7864.998121963978,
            8856.660466556237,
            18992.166989160858,
            13694.148088127868,
            65589.81864186411,
            13899.484731670345,
            3753.6461438849014,
            19376.311011794725,
            2730.706027180343,
            6278.88497557518,
            4622.378414160793,
            21254.275053651854,
            11258.304516505916,
            9948.287854629718,
            9237.577096250623,
            16447.161960968766,
            7334.449001958664,
            14107.739281071033,
            11288.739224689289,
            5087.979805196295,
            53385.29280822658,
            14442.32960413879,
            6233.825016121299,
            3989.291152887603,
            2539.8662298335494,
            57413.34927286295,
            9130.348758798076,
            14650.100073314272,
            2024.0349547528274,
            8390.618738503976,
            19544.68427767496,
            10003.819682240846,
            11032.495764291729,
            5140.540921702241,
            3366.3832469252925,
            7601.244547786113,
            15698.539696840075,
            12284.409578973995,
            8917.202375522142,
            8700.645991319985,
            8169.261266640188,
            6946.449334088859,
            14543.09092670579,
            14743.907510773222,
            7782.741866242646,
            4145.076452776656,
            917.2195895494948,
            818.8970888343124,
            5697.653825679673,
            7159.706299797253,
            8954.766225987778,
            8608.023393310297
        ],
        [
            4057.7761894982827,
            22677.307475875627,
            63184.86807734092,
            5549.515593847435,
            91032.23439314522,
            7394.529974181512,
            14750.513614754227,
            13248.37704618074,
