{
    "file_name": "taxi_data/taxi_data_1.txt",
    "Delta": [
        [
            0.0,
            8040.514939202188,
            9084.478696652985,
            11200.892357655632,
            10383.328473899108,
            3659.088672533686,
            8025.991115979217,
            5915.3957607962675,
            5276.90659568424,
            7534.156198853409,
            12092.662128447379,
            11729.366721576458,
            13474.48223437068,
            13569.960688023875,
            13571.589151123932,
            13288.362136533297,
            6965.576031087773,
            7070.283058211722,
            7158.925036014577,
            8179.863536056459,
            8330.976039008836,
            9712.454235189838,
            4969.270994815135,
            6733.669387468494,
            3281.8366713538726,
            380.4627308207618,
            1292.5412914747124,
            2194.7986015948723,
            5757.907453548049,
            6250.668333165487
        ],
        [
            8040.514939202188,
            0.0,
            1591.3219338664849,
            4067.230563241414,
            3200.597506484031,
            4488.735675426006,
            575.0314094170132,
            2249.4768776177243,
            2878.270364402347,
            518.634331565723,
            4266.622897816247,
            3894.2267869038533,
            5732.271505470501,
            5921.596577213803,
            6120.925616300252,
            6041.925794018388,
            3653.9472002278435,
            3903.8087275046473,
            3910.0804366721372,
            3620.6618817280014,
            3071.3023472185623,
            4093.539060823251,
            3328.374682276294,
            1472.5144399966969,
            4861.945178653723,
            7665.641761998832,
            8688.919265028766,
            8798.48150466047,
            10611.393446183369,
            3398.8788422503035
        ],
        [
            9084.478696652985,
            1591.3219338664849,
            0.0,
            2489.0252946445057,
            1613.3691059261848,
            5729.361001323912,
            2095.6452153998507,
            3649.9090403065625,
            4221.884329346236,
            1868.8608649812395,
            3008.6540425542175,
            2647.810992632651,
            4406.974414819918,
            4538.95696183723,
            4653.096337889303,
            4515.013214796959,
            3366.3832469252925,
            3546.5907226305794,
            3516.2720109407815,
            2805.1871574893976,
            2175.590231648311,
            2744.5387171091975,
            4136.670922421973,
            2971.4137296814033,
            6081.530397053261,
            8704.159561641296,
            9870.059601552088,
            10083.682935427252,
            12112.480764796299,
            3484.1261911012302
        ],
        [
            11200.892357655632,
            4067.230563241414,
            2489.0252946445057,
            0.0,
            884.8057624333752,
            8066.255945329258,
            4528.033514356632,
            6105.055505950695,
            6645.141156906203,
            4353.535110923418,
            1805.8856687831071,
            1710.0101110211342,
            2555.613118333197,
            2510.427522062368,
            2382.2038960399786,
            2101.810003990635,
            4589.15746671932,
            4632.966065471461,
            4562.666106799553,
            3473.3935207939003,
            3044.3313684198315,
            2199.7272135969824,
            6251.813599241653,
            5456.905639359376,
            8397.354089024391,
            10822.519180873483,
            12099.33791897191,
            12399.567638840323,
            14577.86837279599,
            5086.438850885356
        ],
        [
            10383.328473899108,
            3200.597506484031,
            1613.3691059261848,
            884.8057624333752,
            0.0,
            7197.148346170975,
            3679.9897409193,
            5220.3203297631035,
            5762.631376378854,
            3472.0150567764176,
            2066.3434225909987,
            1816.836843550947,
            3181.5042703450426,
            3215.1594941051976,
            3191.660006371415,
            2967.2525678684997,
            3943.1639417818983,
            4025.6658153339513,
            3964.3309065202666,
            2934.4957369585372,
            2413.062153094462,
            1989.8587745116258,
            5420.206428808327,
            4575.177180311287,
            7532.4028773239315,
            10003.880047324346,
            11256.28858408284,
            11537.873633579258,
            13693.109354848897,
            4356.2708141329185
        ],
        [
            3659.088672533686,
            4488.735675426006,
            5729.361001323912,
            8066.255945329258,
            7197.148346170975,
            0.0,
            4406.2986598380085,
            2281.792138817465,
            1636.7889008883371,
            4006.9982060775333,
            8688.96393791873,
            8317.879615834974,
            10124.912647925496,
            10268.045320666233,
            10362.015145488893,
            10163.798126641632,
            4621.842127416551,
            4834.76123483242,
            4914.757480057766,
            5650.645255609229,
            5568.357665232569,
            7021.824897140979,
            2087.3034823962107,
            3105.3375320168802,
            380.4607352356692,
            3303.9301589858596,
            4200.930035064396,
            4354.343117195713,
            6761.3942380740955,
            3803.1529469675274
        ],
        [
            8025.991115979217,
            575.0314094170132,
            2095.6452153998507,
            4528.033514356632,
            3679.9897409193,
            4406.2986598380085,
            0.0,
            2124.6614669028204,
            2769.8168289280948,
            829.8849642107243,
            4548.326121352062,
            4180.225266240249,
            6021.454812284671,
            6237.636051526959,
            6483.310280402645,
            6444.882018660886,
            4145.076452776656,
            4402.301841586107,
            4414.556633069063,
            4180.428080553607,
            3640.456345098503,
            4663.871674097396,
            3512.5182024944875,
            1301.2320186732409,
            4785.759732508058,
            7656.883107880366,
            8596.083010337314,
            8642.366247938957,
            10284.89692350625,
            3818.9219930401623
        ],
        [
            5915.3957607962675,
            2249.4768776177243,
            3649.9090403065625,
            6105.055505950695,
            5220.3203297631035,
            2281.792138817465,
            2124.6614669028204,
            0.0,
            645.1560357174723,
            1810.1187808634525,
            6507.44378912044,
            6134.779267314092,
            7966.280824291388,
            8139.753529737907,
            8296.529104868909,
            8162.691797500665,
            3806.4135962726505,
            4075.3143202839037,
            4128.180108932191,
            4444.185217069257,
            4135.22759317771,
            5509.901506008868,
            1924.2255494906135,
            823.5489923435445,
            2661.5106619730586,
            5550.139321537049,
            6473.793316024379,
            6551.320915124889,
            8472.828368303255,
            3129.488223255519
        ],
        [
            5276.90659568424,
            2878.270364402347,
            4221.884329346236,
            6645.141156906203,
            5762.631376378854,
            1636.7889008883371,
            2769.8168289280948,
            645.1560357174723,
            0.0,
            2418.835768420408,
            7121.460373803764,
            6748.975235249081,
            8574.085815546981,
            8738.042103298249,
            8874.966833433955,
            8720.382622476189,
            3932.6970358433205,
            4190.708659173564,
            4253.786316145755,
            4715.646280748811,
            4479.175592130284,
            5896.550753835919,
            1694.4254931189505,
            1468.6644169670585,
            2016.690109032127,
            4913.663037532403,
            5829.636097654586,
            5920.87287831673,
            7952.6251740459065,
            3183.1887795170155
        ],
        [
            7534.156198853409,
            518.634331565723,
            1868.8608649812395,
            4353.535110923418,
            3472.0150567764176,
            4006.9982060775333,
            829.8849642107243,
            1810.1187808634525,
            2418.835768420408,
            0.0,
            4702.726133788446,
            4330.202368260615,
            6157.784707175378,
            6329.671052367464,
            6494.4199186476635,
            6379.979020307306,
            3327.8239758467716,
            3588.5044423913346,
            3604.5339799171347,
            3452.7399281271823,
            2956.8374567176756,
            4119.418963772832,
            2812.5250110528186,
            1103.3742717462962,
            4376.736097299091,
            7158.380336378278,
            8202.681678252638,
            8336.071719507598,
            10247.742612225837,
            2989.604702531742
        ],
        [
            12092.662128447379,
            4266.622897816247,
            3008.6540425542175,
            1805.8856687831071,
            2066.3434225909987,
            8688.96393791873,
            4548.326121352062,
            6507.44378912044,
            7121.460373803764,
            4702.726133788446,
            0.0,
            372.66477823689394,
            1473.134018242419,
            1712.6625227445359,
            2096.5505728307994,
            2299.7121180848835,
            5972.868737158669,
            6072.914800054519,
            6015.148243080723,
            5000.360128942302,
            4464.960948262188,
            3937.7496091904463,
            7142.703036433939,
            5738.183597986658,
            9050.468974251202,
            11712.400138165689,
            12859.583340804313,
            13033.830091420132,
            14832.956629388915,
            6309.08193998674
        ],
        [
            11729.366721576458,
            3894.2267869038533,
            2647.810992632651,
            1710.0101110211342,
            1816.836843550947,
            8317.879615834974,
            4180.225266240249,
            6134.779267314092,
            6748.975235249081,
            4330.202368260615,
            372.66477823689394,
            0.0,
            1842.3105781958996,
            2067.317001305141,
            2408.4202776707452,
            2552.803030536459,
            5672.616622613916,
            5782.412512066416,
            5727.377119010347,
            4734.919914525791,
            4182.062702248208,
            3751.4104148184656,
            6784.095592007937,
            5365.958687514663,
            8679.884208485302,
            11349.202123133875,
            12490.555807990066,
            12661.930080239843,
            14465.12202148667,
            5983.493158054122
        ],
        [
            13474.48223437068,
            5732.271505470501,
            4406.974414819918,
            2555.613118333197,
            3181.5042703450426,
            10124.912647925496,
            6021.454812284671,
            7966.280824291388,
            8574.085815546981,
            6157.784707175378,
            1473.134018242419,
            1842.3105781958996,
            0.0,
            385.9059109691928,
            1032.907446908742,
            1550.8001444800188,
            7106.163258993372,
            7167.889462736649,
            7100.644739918553,
            6022.9809727455295,
            5562.434964695319,
            4724.456008595077,
            8508.235569886558,
            7204.705040086316,
            10481.994630792167,
            13094.03212916599,
            14277.03066696587,
            14476.066020735852,
            16306.067179234733,
            7537.1633485515285
        ],
        [
            13569.960688023875,
            5921.596577213803,
            4538.95696183723,
            2510.427522062368,
            3215.1594941051976,
            10268.045320666233,
            6237.636051526959,
            8139.753529737907,
            8738.042103298249,
            6329.671052367464,
            1712.6625227445359,
            2067.317001305141,
            385.9059109691928,
            0.0,
            656.8912880824431,
            1207.481609196396,
            7096.097523171643,
            7143.352528680693,
            7073.075899344156,
            5981.112587705728,
            5550.240084882997,
            4625.692325812039,
            8600.689712095495,
            7392.864907430469,
            10620.364653354776,
            13189.747138116638,
            14399.163215820816,
            14622.215869598538,
            16519.43849154836,
            7563.176069702681
        ],
        [
            13571.589151123932,
            6120.925616300252,
            4653.096337889303,
            2382.2038960399786,
            3191.660006371415,
            10362.015145488893,
            6483.310280402645,
            8296.529104868909,
            8874.966833433955,
            6494.4199186476635,
            2096.5505728307994,
            2408.4202776707452,
            1032.907446908742,
            656.8912880824431,
            0.0,
            596.0825893026908,
            6940.452654152976,
            6963.261627852624,
            6888.39969491834,
            5781.065370423829,
            5404.133904635909,
            4346.550053001189,
            8611.471426927083,
            7580.102485730948,
            10704.748838310798,
            13192.509574223928,
            14446.38852306062,
            14712.147052693226,
            16731.57658819977,
            7465.332482939546
        ],
        [
            13288.362136533297,
            6041.925794018388,
            4515.013214796959,
            2101.810003990635,
            2967.2525678684997,
            10163.798126641632,
            6444.882018660886,
            8162.691797500665,
            8720.382622476189,
            6379.979020307306,
            2299.7121180848835,
            2552.803030536459,
            1550.8001444800188,
            1207.481609196396,
            596.0825893026908,
            0.0,
            6555.788465154537,
            6560.522815811395,
            6482.714644486318,
            5370.883986502069,
            5037.546811258555,
            3892.0452790868403,
            8349.332763256596,
            7478.36897348803,
            10497.163896327722,
            12910.865467724552,
            14199.126837256514,
            14500.631703322422,
            16627.08975313784,
            7121.73125881137
        ],
        [
            6965.576031087773,
            3653.9472002278435,
            3366.3832469252925,
            4589.15746671932,
            3943.1639417818983,
            4621.842127416551,
            4145.076452776656,
            3806.4135962726505,
            3932.6970358433205,
            3327.8239758467716,
            5972.868737158669,
            5672.616622613916,
            7106.163258993372,
            7096.097523171643,
            6940.452654152976,
            6555.788465154537,
            0.0,
            273.0719711152896,
            322.4534771009108,
            1224.6686351450278,
            1545.9104466072552,
            2771.636362542835,
            2539.8662298335494,
            3813.682951698996,
            4829.208840948579,
            6603.474720638473,
            8037.758141178519,
            8543.355365084235,
            11359.020751211532,
            818.8970888343124
        ],
        [
            7070.283058211722,
            3903.8087275046473,
            3546.5907226305794,
            4632.966065471461,
            4025.6658153339513,
            4834.76123483242,
            4402.301841586107,
            4075.3143202839037,
            4190.708659173564,
            3588.5044423913346,
            6072.914800054519,
            5782.412512066416,
            7167.889462736649,
            7143.352528680693,
            6963.261627852624,
            6560.522815811395,
            273.0719711152896,
            0.0,
            88.7467934447624,
            1191.2815743324384,
            1612.717804243862,
            2725.813871001825,
            2761.994411312293,
            4086.5951138517466,
            5030.22571345123,
            6712.717532678116,
            8165.536858350475,
            8694.562641502609,
            11555.914548857818,
            1040.5642526559502
        ],
        [
            7158.925036014577,
            3910.0804366721372,
            3516.2720109407815,
            4562.666106799553,
            3964.3309065202666,
            4914.757480057766,
            4414.556633069063,
            4128.180108932191,
            4253.786316145755,
            3604.5339799171347,
            6015.148243080723,
            5727.377119010347,
            7100.644739918553,
            7073.075899344156,
            6888.39969491834,
            6482.714644486318,
            322.4534771009108,
            88.7467934447624,
            0.0,
            1112.0799982837534,
            1551.5709053862165,
            2642.341443215271,
            2839.392762319686,
            4124.162598406424,
            5112.566228807747,
            6801.424806928159,
            8254.208238755795,
            8782.454339113116,
            11639.22412054812,
            1116.3915136186063
        ],
        [
            8179.863536056459,
            3620.6618817280014,
            2805.1871574893976,
            3473.3935207939003,
            2934.4957369585372,
            5650.645255609229,
            4180.428080553607,
            4444.185217069257,
            4715.646280748811,
            3452.7399281271823,
            5000.360128942302,
            4734.919914525791,
            6022.9809727455295,
            5981.112587705728,
            5781.065370423829,
            5370.883986502069,
            1224.6686351450278,
            1191.2815743324384,
            1112.0799982837534,
            0.0,
            630.1030885957607,
            1547.2786353122744,
            3573.174123385509,
            4229.517393590362,
            5895.138592676632,
            7815.186789271874,
            9232.478205080699,
            9706.742698534952,
            12412.027806009206,
            1949.711198430352
        ],
        [
            8330.976039008836,
            3071.3023472185623,
            2175.590231648311,
            3044.3313684198315,
            2413.062153094462,
            5568.357665232569,
            3640.456345098503,
            4135.22759317771,
            4479.175592130284,
            2956.8374567176756,
            4464.960948262188,
            4182.062702248208,
            5562.434964695319,
            5550.240084882997,
            5404.133904635909,
            5037.546811258555,
            1545.9104466072552,
            1612.717804243862,
            1551.5709053862165,
            630.1030885957607,
            0.0,
            1453.54765331079,
            3539.751047355632,
            3823.286342434325,
            5843.175589200418,
            7959.122169932221,
            9328.046961004626,
            9744.624263097028,
            12311.72608960313,
            2095.291753201187
        ],
        [
            9712.454235189838,
            4093.539060823251,
            2744.5387171091975,
            2199.7272135969824,
            1989.8587745116258,
            7021.824897140979,
            4663.871674097396,
            5509.901506008868,
            5896.550753835919,
            4119.418963772832,
            3937.7496091904463,
            3751.4104148184656,
            4724.456008595077,
            4625.692325812039,
            4346.550053001189,
            3892.0452790868403,
            2771.636362542835,
            2725.813871001825,
            2642.341443215271,
            1547.2786353122744,
            1453.54765331079,
            0.0,
            4988.255304501022,
            5104.100069332785,
            7296.037875748073,
            9345.139230434312,
            10742.748296859985,
            11182.859990601166,
            13761.959918826493,
            3463.916773648874
        ],
        [
            4969.270994815135,
            3328.374682276294,
            4136.670922421973,
            6251.813599241653,
            5420.206428808327,
            2087.3034823962107,
            3512.5182024944875,
            1924.2255494906135,
            1694.4254931189505,
            2812.5250110528186,
            7142.703036433939,
            6784.095592007937,
            8508.235569886558,
            8600.689712095495,
            8611.471426927083,
            8349.332763256596,
            2539.8662298335494,
            2761.994411312293,
            2839.392762319686,
            3573.174123385509,
            3539.751047355632,
            4988.255304501022,
            0.0,
            2452.4630491025396,
            2322.1003339281237,
            4589.071555355652,
            5852.015310285728,
            6213.815475781373,
            8843.607161835855,
            1723.4373075481649
        ],
        [
            6733.669387468494,
            1472.5144399966969,
            2971.4137296814033,
            5456.905639359376,
            4575.177180311287,
            3105.3375320168802,
            1301.2320186732409,
            823.5489923435445,
            1468.6644169670585,
            1103.3742717462962,
            5738.183597986658,
            5365.958687514663,
            7204.705040086316,
            7392.864907430469,
            7580.102485730948,
            7478.36897348803,
            3813.682951698996,
            4086.5951138517466,
            4124.162598406424,
            4229.517393590362,
            3823.286342434325,
            5104.100069332785,
            2452.4630491025396,
            0.0,
            3485.005789850621,
            6366.723538311987,
            7295.663917679504,
            7357.502073419589,
            9153.389599497801,
            3263.085220947484
        ],
        [
            3281.8366713538726,
            4861.945178653723,
            6081.530397053261,
            8397.354089024391,
            7532.4028773239315,
            380.4607352356692,
            4785.759732508058,
            2661.5106619730586,
            2016.690109032127,
            4376.736097299091,
            9050.468974251202,
            8679.884208485302,
            10481.994630792167,
            10620.364653354776,
            10704.748838310798,
            10497.163896327722,
            4829.208840948579,
            5030.22571345123,
            5112.566228807747,
            5895.138592676632,
            5843.175589200418,
            7296.037875748073,
            2322.1003339281237,
            3485.005789850621,
            0.0,
            2929.113731558832,
            3827.0286597089116,
            4007.3988299539697,
            6530.357395358083,
            4011.4047376275785
        ],
        [
            380.4627308207618,
            7665.641761998832,
            8704.159561641296,
            10822.519180873483,
            10003.880047324346,
            3303.9301589858596,
            7656.883107880366,
            5550.139321537049,
            4913.663037532403,
            7158.380336378278,
            11712.400138165689,
            11349.202123133875,
            13094.03212916599,
            13189.747138116638,
            13192.509574223928,
            12910.865467724552,
            6603.474720638473,
            6712.717532678116,
            6801.424806928159,
            7815.186789271874,
            7959.122169932221,
            9345.139230434312,
            4589.071555355652,
            6366.723538311987,
            2929.113731558832,
            0.0,
            1546.1954574616407,
            2367.2710951461886,
            5891.509820341036,
            5882.0874638644555
        ],
        [
            1292.5412914747124,
            8688.919265028766,
            9870.059601552088,
            12099.33791897191,
            11256.28858408284,
            4200.930035064396,
            8596.083010337314,
            6473.793316024379,
            5829.636097654586,
            8202.681678252638,
            12859.583340804313,
            12490.555807990066,
            14277.03066696587,
            14399.163215820816,
            14446.38852306062,
            14199.126837256514,
            8037.758141178519,
            8165.536858350475,
            8254.208238755795,
            9232.478205080699,
            9328.046961004626,
            10742.748296859985,
            5852.015310285728,
            7295.663917679504,
            3827.0286597089116,
            1546.1954574616407,
            0.0,
            981.6901750260629,
            4537.634506478735,
            7284.78867558727
        ],
        [
            2194.7986015948723,
            8798.48150466047,
            10083.682935427252,
            12399.567638840323,
            11537.873633579258,
            4354.343117195713,
            8642.366247938957,
            6551.320915124889,
            5920.87287831673,
            8336.071719507598,
            13033.830091420132,
            12661.930080239843,
            14476.066020735852,
            14622.215869598538,
            14712.147052693226,
            14500.631703322422,
            8543.355365084235,
            8694.562641502609,
            8782.454339113116,
            9706.742698534952,
            9744.624263097028,
            11182.859990601166,
            6213.815475781373,
            7357.502073419589,
            4007.3988299539697,
            2367.2710951461886,
            981.6901750260629,
            0.0,
            3570.9580790384716,
            7760.125892127542
        ],
        [
            5757.907453548049,
            10611.393446183369,
            12112.480764796299,
            14577.86837279599,
            13693.109354848897,
            6761.3942380740955,
            10284.89692350625,
            8472.828368303255,
            7952.6251740459065,
            10247.742612225837,
            14832.956629388915,
            14465.12202148667,
            16306.067179234733,
            16519.43849154836,
            16731.57658819977,
            16627.08975313784,
            11359.020751211532,
            11555.914548857818,
            11639.22412054812,
            12412.027806009206,
            12311.72608960313,
            13761.959918826493,
            8843.607161835855,
            9153.389599497801,
            6530.357395358083,
            5891.509820341036,
            4537.634506478735,
            3570.9580790384716,
            0.0,
            10541.632511298087
        ],
        [
            6250.668333165487,
            3398.8788422503035,
            3484.1261911012302,
            5086.438850885356,
            4356.2708141329185,
            3803.1529469675274,
            3818.9219930401623,
            3129.488223255519,
            3183.1887795170155,
            2989.604702531742,
            6309.08193998674,
            5983.493158054122,
            7537.1633485515285,
            7563.176069702681,
            7465.332482939546,
            7121.73125881137,
            818.8970888343124,
            1040.5642526559502,
            1116.3915136186063,
            1949.711198430352,
            2095.291753201187,
            3463.916773648874,
            1723.4373075481649,
            3263.085220947484,
            4011.4047376275785,
            5882.0874638644555,
            7284.78867558727,
            7760.125892127542,
            10541.632511298087,
            0.0
        ]
    ],
    "n": 30,
    "df_5g": {
        "radio": {
            "1313": "LTE",
            "2333": "LTE",
            "2560": "LTE",
            "4517": "LTE",
            "4659": "LTE",
            "4930": "LTE",
            "4936": "LTE",
            "4940": "LTE",
            "5028": "LTE",
            "10889": "LTE",
            "20005": "LTE",
            "20008": "LTE",
            "21282": "LTE",
            "21283": "LTE",
            "21289": "LTE",
            "21292": "LTE",
            "29151": "LTE",
            "29154": "LTE",
            "29155": "LTE",
            "29166": "LTE",
            "29174": "LTE",
            "29202": "LTE",
            "29210": "LTE",
            "32659": "LTE",
            "32660": "LTE",
            "32669": "LTE",
            "32675": "LTE",
            "32678": "LTE",
            "32697": "LTE",
            "71906": "LTE"
        },
        "mcc": {
            "1313": 460,
            "2333": 460,
            "2560": 460,
            "4517": 460,
            "4659": 460,
            "4930": 460,
            "4936": 460,
            "4940": 460,
            "5028": 460,
            "10889": 460,
            "20005": 460,
            "20008": 460,
            "21282": 460,
            "21283": 460,
            "21289": 460,
            "21292": 460,
            "29151": 460,
            "29154": 460,
            "29155": 460,
            "29166": 460,
            "29174": 460,
            "29202": 460,
            "29210": 460,
            "32659": 460,
            "32660": 460,
            "32669": 460,
            "32675": 460,
            "32678": 460,
            "32697": 460,
            "71906": 460
        },
        "net": {
            "1313": 0,
            "2333": 0,
            "2560": 0,
            "4517": 0,
            "4659": 0,
            "4930": 0,
            "4936": 0,
            "4940": 0,
            "5028": 0,
            "10889": 0,
            "20005": 0,
            "20008": 0,
            "21282": 0,
            "21283": 0,
            "21289": 0,
            "21292": 0,
            "29151": 0,
            "29154": 0,
            "29155": 0,
            "29166": 0,
            "29174": 0,
            "29202": 0,
            "29210": 0,
            "32659": 0,
            "32660": 0,
            "32669": 0,
            "32675": 0,
            "32678": 0,
            "32697": 0,
            "71906": 1
        },
        "area": {
            "1313": 4287,
            "2333": 4335,
            "2560": 4263,
            "4517": 4421,
            "4659": 4263,
            "4930": 4286,
            "4936": 4203,
            "4940": 4205,
            "5028": 4205,
            "10889": 4335,
            "20005": 4219,
            "20008": 4263,
            "21282": 4219,
            "21283": 4219,
            "21289": 4219,
            "21292": 4421,
            "29151": 4277,
            "29154": 4277,
            "29155": 4277,
            "29166": 4335,
            "29174": 4335,
            "29202": 4188,
            "29210": 4188,
            "32659": 4203,
            "32660": 4286,
            "32669": 4284,
            "32675": 4287,
            "32678": 4287,
            "32697": 4572,
            "71906": 6248
        },
        "cell": {
            "1313": 127026054,
            "2333": 19106100,
            "2560": 19136308,
            "4517": 19148596,
            "4659": 226799311,
            "4930": 227409099,
            "4936": 226915780,
            "4940": 19118906,
            "5028": 227080649,
            "10889": 226903757,
            "20005": 22042820,
            "20008": 127696781,
            "21282": 89952461,
            "21283": 19172666,
            "21289": 19172879,
            "21292": 227775958,
            "29151": 21825803,
            "29154": 17893633,
            "29155": 227498692,
            "29166": 227207115,
            "29174": 25641683,
            "29202": 228222685,
            "29210": 17646595,
            "32659": 227075779,
            "32660": 227177169,
            "32669": 226909647,
            "32675": 90541762,
            "32678": 129143684,
            "32697": 243415036,
            "71906": 6368113
        },
        "unit": {
            "1313": 0,
            "2333": -1,
            "2560": -1,
            "4517": -1,
            "4659": -1,
            "4930": -1,
            "4936": -1,
            "4940": -1,
            "5028": -1,
            "10889": 0,
            "20005": -1,
            "20008": -1,
            "21282": -1,
            "21283": -1,
            "21289": -1,
            "21292": -1,
            "29151": -1,
            "29154": -1,
            "29155": -1,
            "29166": -1,
            "29174": -1,
            "29202": -1,
            "29210": -1,
            "32659": -1,
            "32660": -1,
            "32669": -1,
            "32675": -1,
            "32678": -1,
            "32697": -1,
            "71906": -1
        },
        "lon": {
            "1313": 116.4393,
            "2333": 116.4341,
            "2560": 116.4484,
            "4517": 116.4674,
            "4659": 116.4616,
            "4930": 116.4293,
            "4936": 116.4274,
            "4940": 116.4281,
            "5028": 116.4283,
            "10889": 116.4357,
            "20005": 116.4507,
            "20008": 116.4494,
            "21282": 116.4583,
            "21283": 116.4628,
            "21289": 116.4704,
            "21292": 116.4757,
            "29151": 116.4723,
            "29154": 116.4755,
            "29155": 116.476,
            "29166": 116.4762,
            "29174": 116.4701,
            "29202": 116.4806,
            "29210": 116.4479,
            "32659": 116.4277,
            "32660": 116.4298,
            "32669": 116.4398,
            "32675": 116.4261,
            "32678": 116.4146,
            "32697": 116.3734,
            "71906": 116.4648
        },
        "lat": {
            "1313": 39.8754,
            "2333": 39.9476,
            "2560": 39.9568,
            "4517": 39.9738,
            "4659": 39.9672,
            "4930": 39.9074,
            "4936": 39.947,
            "4940": 39.9279,
            "5028": 39.9221,
            "10889": 39.9431,
            "20005": 39.9838,
            "20008": 39.9806,
            "21282": 39.9957,
            "21283": 39.9961,
            "21289": 39.9951,
            "21292": 39.9916,
            "29151": 39.9327,
            "29154": 39.9326,
            "29155": 39.9333,
            "29166": 39.9433,
            "29174": 39.9465,
            "29202": 39.9568,
            "29210": 39.9196,
            "32659": 39.9353,
            "32660": 39.904,
            "32669": 39.8788,
            "32675": 39.8697,
            "32678": 39.8699,
            "32697": 39.8643,
            "71906": 39.9281
        },
        "range": {
            "1313": 1000,
            "2333": 1000,
            "2560": 1292,
            "4517": 7776,
            "4659": 3032,
            "4930": 1000,
            "4936": 1000,
            "4940": 1000,
            "5028": 1000,
            "10889": 1000,
            "20005": 1000,
            "20008": 1000,
            "21282": 1000,
            "21283": 1000,
            "21289": 1000,
            "21292": 1000,
            "29151": 1000,
            "29154": 1000,
            "29155": 1000,
            "29166": 1000,
            "29174": 1000,
            "29202": 1000,
            "29210": 4990,
            "32659": 1000,
            "32660": 1000,
            "32669": 1000,
            "32675": 1000,
            "32678": 1000,
            "32697": 1000,
            "71906": 1000
        },
        "samples": {
            "1313": 6,
            "2333": 16,
            "2560": 125,
            "4517": 117,
            "4659": 14,
            "4930": 10,
            "4936": 38,
            "4940": 26,
            "5028": 11,
            "10889": 3,
            "20005": 2,
            "20008": 3,
            "21282": 10,
            "21283": 3,
            "21289": 3,
            "21292": 4,
            "29151": 1,
            "29154": 1,
            "29155": 4,
            "29166": 4,
            "29174": 2,
            "29202": 1,
            "29210": 2,
            "32659": 8,
            "32660": 7,
            "32669": 6,
            "32675": 8,
            "32678": 3,
            "32697": 1,
            "71906": 1
        },
        "changeable": {
            "1313": 1,
            "2333": 1,
            "2560": 1,
            "4517": 1,
            "4659": 1,
            "4930": 1,
            "4936": 1,
            "4940": 1,
            "5028": 1,
            "10889": 1,
            "20005": 1,
            "20008": 1,
            "21282": 1,
            "21283": 1,
            "21289": 1,
            "21292": 1,
            "29151": 1,
            "29154": 1,
            "29155": 1,
            "29166": 1,
            "29174": 1,
            "29202": 1,
            "29210": 1,
            "32659": 1,
            "32660": 1,
            "32669": 1,
            "32675": 1,
            "32678": 1,
            "32697": 1,
            "71906": 1
        },
        "created": {
            "1313": 1484983375,
            "2333": 1631476616,
            "2560": 1634763143,
            "4517": 1659392004,
            "4659": 1660442282,
            "4930": 1661042971,
            "4936": 1661042364,
            "4940": 1661042574,
            "5028": 1661251203,
            "10889": 1693546870,
            "20005": 1699752902,
            "20008": 1699753112,
            "21282": 1701488126,
            "21283": 1701488246,
            "21289": 1701488396,
            "21292": 1701488486,
            "29151": 1703364720,
            "29154": 1703364960,
            "29155": 1703365013,
            "29166": 1703366411,
            "29174": 1703367781,
            "29202": 1703373563,
            "29210": 1703374284,
            "32659": 1703521623,
            "32660": 1703521797,
            "32669": 1703521967,
            "32675": 1703522072,
            "32678": 1703522122,
            "32697": 1703522527,
            "71906": 1723686662
        },
        "updated": {
            "1313": 1706248264,
            "2333": 1706248263,
            "2560": 1706248263,
            "4517": 1706248263,
            "4659": 1699798263,
            "4930": 1706248264,
            "4936": 1706248263,
            "4940": 1706248264,
            "5028": 1706248264,
            "10889": 1698098042,
            "20005": 1699798263,
            "20008": 1699798263,
            "21282": 1701516902,
            "21283": 1701516902,
            "21289": 1701516902,
            "21292": 1701516903,
            "29151": 1703364720,
            "29154": 1703364960,
            "29155": 1703419262,
            "29166": 1703419263,
            "29174": 1703419263,
            "29202": 1703373563,
            "29210": 1706248263,
            "32659": 1706248264,
            "32660": 1706248264,
            "32669": 1706248264,
            "32675": 1706248264,
            "32678": 1706248264,
            "32697": 1703522527,
            "71906": 1723686662
        },
        "averageSignal": {
            "1313": 0,
            "2333": 0,
            "2560": 0,
            "4517": 0,
            "4659": 0,
            "4930": 0,
            "4936": 0,
            "4940": 0,
            "5028": 0,
            "10889": 0,
            "20005": 0,
            "20008": 0,
            "21282": 0,
            "21283": 0,
            "21289": 0,
