{
    "file_name": "taxi_data/taxi_data_6.txt",
    "method": "p_median_importance_reduced",
    "Delta": [
        [
            0.0,
            1508.7733944723534,
            9949.291449878774,
            2794.1943869308056,
            3129.6019112835193,
            5851.675637837003,
            6096.152855565327,
            3061.015738378424,
            3005.9159305638204,
            7767.065373261166,
            13029.387118442506,
            13376.147623260813,
            15624.987854359195,
            17107.398905970975,
            19046.844368524646,
            19023.31036897308,
            18917.45928106483,
            18794.55077549911,
            17970.71149621102,
            16343.334744368673,
            13802.462517422236,
            6029.14870805016,
            17588.805782267114,
            6832.110291782048,
            2557.2541577224897,
            3082.712674342244,
            4191.242340810744,
            4583.500212007311,
            3891.2581509320535,
            6346.784266080708,
            18320.263599743757,
            17798.808963699106,
            3282.964636941749,
            12129.524198562061,
            11735.434083363009,
            12649.49629785442,
            13622.944270435979,
            13944.375381058411,
            14224.162358811926,
            14541.54558391067,
            14855.363813725882,
            19399.958063819813,
            22741.935428891138,
            23731.907386391344,
            26031.974438281402,
            26142.49757926108,
            34647.524941470954,
            19159.731774522606,
            4339.175537482257,
            4731.656040148534,
            9852.48872014339,
            10108.529311371893,
            11129.776218223456,
            12011.137383491392,
            12235.332906358057,
            9275.54264384982,
            6095.747192220204,
            6155.917168555504,
            5967.187064460863,
            5952.594899545712,
            5118.653561191503,
            5098.4480382532765,
            5426.932730979108,
            5534.598058087394,
            5544.703976686274,
            5764.777000959057,
            6065.004029104728,
            5875.916619377997,
            9184.843441050429,
            8102.98089381481,
            8339.96336561422,
            8750.060476595077,
            9714.129462568906,
            11042.895253187724,
            10952.22165860663,
            10847.142257122261,
            10795.301867298329,
            11080.24646943802,
            11247.154584102718,
            11301.979605858118,
            11908.660867454644,
            18988.026270512295,
            11941.964323392334,
            6148.148519116495,
            19046.745880745006
        ],
        [
            1508.7733944723534,
            0.0,
            8521.000654510364,
            3866.4671012485555,
            4547.613410584256,
            7325.43028516717,
            7570.074093434377,
            4426.6447443026445,
            4260.657583113064,
            9150.376196608497,
            14366.144889057838,
            14714.853295794019,
            16951.386360249217,
            18405.20293690222,
            20248.274259486534,
            20214.31164556866,
            20120.085392092926,
            19991.12299989843,
            19211.351409198043,
            17656.830645379025,
            15142.032580053741,
            7516.556279706567,
            18873.38082261558,
            7231.229877500018,
            3457.476632370602,
            3860.8305898292506,
            4806.206765144628,
            5144.220166539816,
            4534.996348284092,
            6771.239598678485,
            19537.043337451378,
            19053.466688638033,
            4277.674587916774,
            11088.94925041081,
            10702.997710854344,
            11528.644718679856,
            12454.933938070095,
            12730.011929541868,
            12993.464123471444,
            13295.743650331404,
            13595.762655265818,
            18034.44735495347,
            21567.97971845482,
            22614.147064924535,
            24957.524875639156,
            25070.549155206445,
            33843.99155971752,
            20355.992287663626,
            2830.4149755858034,
            3222.920946421237,
            8407.678093204973,
            8704.519060152252,
            9865.293390535673,
            10844.936544010921,
            11115.271849029547,
            7777.343338786374,
            7572.860109534559,
            7620.766059142626,
            7466.95135537648,
            7252.141228401061,
            6495.281137072246,
            6475.455097048408,
            6862.314363133365,
            6985.505944082722,
            7003.2125017233275,
            7240.484502533849,
            6875.464180747405,
            7383.493140155537,
            9266.783461076488,
            8555.842520937891,
            8787.063446039001,
            9182.741377854965,
            10116.479907072864,
            11313.745973940384,
            11156.338298545601,
            10870.199383124736,
            10774.55926875365,
            10843.523068007265,
            10909.536306710877,
            10988.023087150346,
            11524.126906677116,
            20180.407150539,
            10592.36546431042,
            7259.244837363434,
            20463.420541396485
        ],
        [
            9949.291449878774,
            8521.000654510364,
            0.0,
            11130.39117841833,
            12463.989548170497,
            15258.517121414781,
            16038.099199754757,
            12212.470879764065,
            11805.843601524533,
            17670.41351905412,
            22859.492877417928,
            23209.07202472747,
            25431.84215029491,
            26853.208754798576,
            28549.170084941514,
            28497.214707142142,
            28423.683399105983,
            28284.965313044046,
            27580.3212665144,
            26123.548140357987,
            23636.235979533423,
            15953.883519263785,
            27304.284172014606,
            11254.949082110612,
            10555.68909415606,
            10533.193604606608,
            10631.555223135505,
            10655.492054972894,
            10569.129897165001,
            11086.02142981058,
            27867.154834783505,
            27443.6161979827,
            11236.272896292032,
            5472.294350831871,
            5304.719801988337,
            5116.359995236638,
            5444.323729274856,
            5323.154184051709,
            5432.799550981509,
            5596.350420356163,
            5777.494707325127,
            9595.81296262879,
            13853.670704069751,
            15149.396020434091,
            17645.11874086741,
            17767.68672494849,
            27691.068694589438,
            28647.371828785435,
            5942.567805989562,
            5598.331755223336,
            344.80968403110364,
            467.01869190691957,
            2746.5279252616674,
            4269.893699382216,
            4840.616819292251,
            1981.5624047700114,
            16034.791542086186,
            16103.133689737815,
            15855.860188143903,
            14433.958461507118,
            14054.104505937245,
            14037.816445489914,
            14628.70174891771,
            14816.275697269095,
            14870.856904339937,
            15189.40587666394,
            12462.153229008962,
            15702.405502059673,
            11138.837272104967,
            12282.744507457259,
            12413.123425921707,
            12620.965212939294,
            13142.40675156809,
            13402.828408305082,
            12969.035994689631,
            11883.651028489345,
            11600.35011464055,
            10521.19215011033,
            10008.520683610674,
            10189.613326298699,
            10133.658297483289,
            28465.92208418645,
            2455.159845799394,
            13765.728328781825,
            28983.528382486176
        ],
        [
            2794.1943869308056,
            3866.4671012485555,
            11130.39117841833,
            0.0,
            1591.3219338664849,
            4162.8727530650085,
            5700.87319809708,
            1251.705035853589,
            723.6691394158943,
            7804.427199842488,
            13031.224843167976,
            13360.230509759282,
            15607.488880404639,
            17173.85508402331,
            19410.59091735378,
            19419.356506065636,
            19279.289123999355,
            19176.767111785117,
            18224.53048885375,
            16363.253032415903,
            13771.759172313934,
            5496.352973051185,
            17696.182125784184,
            4488.735675426006,
            575.0314094170132,
            847.5170277779458,
            1846.558003595881,
            2249.4768776177243,
            1573.4035919073433,
            4004.4606481299556,
            18646.25771995676,
            18008.13694342922,
            518.634331565723,
            12037.477089871456,
            11638.922919321556,
            12741.656611524179,
            13811.960301109493,
            14256.155981731774,
            14577.068444725972,
            14932.447484289156,
            15281.761877756695,
            20122.761347703632,
            22793.614694433087,
            23617.934800395422,
            25783.749973520906,
            25886.942380096985,
            33723.177388234915,
            19537.85871729086,
            6368.935731116246,
            6732.6047723515485,
            11115.038998752188,
            11179.610478568138,
            11679.680709625669,
            12246.381861705078,
            12339.70123053764,
            10908.674798085429,
            5669.087866944711,
            5835.537235901162,
            5257.293203788744,
            3482.154453937889,
            2932.4714139965017,
            2915.399071721365,
            3502.17898511633,
            3698.4809048074567,
            3761.503489215365,
            4101.793137537751,
            3328.374682276294,
            4959.9092121398235,
            7147.1814821210555,
            5632.27651870754,
            5867.569023804968,
            6280.6644365621,
            7251.845709454351,
            8697.116418703756,
            8688.919265028766,
            8827.923966609456,
            8840.805146419769,
            9448.039271261496,
            9775.905946334802,
            9788.556078550077,
            10492.187458165696,
            19380.359946340785,
            12744.211723411643,
            3398.8788422503035,
            18552.508231318938
        ],
        [
            3129.6019112835193,
            4547.613410584256,
            12463.989548170497,
            1591.3219338664849,
            0.0,
            2830.329298413293,
            4111.1020257786,
            350.26269478347206,
            903.8190858665029,
            6230.519620185321,
            11441.879762398512,
            11770.189592223542,
            14016.594744872256,
            15584.223689561744,
            17836.44932612008,
            17848.13814176713,
            17705.110453705714,
            17604.51955193198,
            16643.043431045433,
            14772.792611395977,
            12181.204165731,
            3905.0871584767333,
            16107.616732207593,
            5729.361001323912,
            2095.6452153998507,
            2432.9105456464285,
            3284.5072924937663,
            3649.9090403065625,
            3056.69119313005,
            5270.0788268986435,
            17069.695221362814,
            16424.080916615374,
            1868.8608649812395,
            13614.151019243396,
            13215.173356977613,
            14303.508528959885,
            15365.49383631639,
            15795.042434648863,
            16110.89243388762,
            16461.479879713075,
            16806.134930369804,
            21602.63552632441,
            24370.123804026807,
            25204.53111659154,
            27374.554178915023,
            27477.8532092039,
            35272.01314650284,
            17964.865215660728,
            7303.9395742946335,
            7688.477041966687,
            12422.709998146462,
            12546.170033221757,
            13171.531005339331,
            13790.237669811298,
            13899.32428756952,
            12077.670122095926,
            4078.556978377227,
            4248.221293442286,
            3671.0633924171866,
            2917.4484539843897,
            2001.2153117177497,
            1980.872987766338,
            2315.2847785296203,
            2448.361076192618,
            2476.548251852586,
            2753.0621291823563,
            4136.670922421973,
            3390.7458433827032,
            8484.828907462144,
            6718.908653255599,
            6944.304127290166,
            7347.0777833393895,
            8298.953202261291,
            9817.365967250838,
            9870.059601552088,
            10146.988400600367,
            10189.306038552115,
            10904.74554450856,
            11271.391244514247,
            11273.934461133174,
            11995.15138669219,
            17808.83422040654,
            14188.032254445316,
            3484.1261911012302,
            16984.95039084401
        ],
        [
            5851.675637837003,
            7325.43028516717,
            15258.517121414781,
            4162.8727530650085,
            2830.329298413293,
            0.0,
            2863.307647078159,
            3051.0406534787066,
            3461.6192678402035,
            4944.971644494216,
            9615.903655930444,
            9913.160769326334,
            12082.804028942617,
            13685.813107041242,
            16159.432226111487,
            16201.16502782202,
            16029.001554619967,
            15949.636877749936,
            14889.642688999968,
            12852.515733853475,
            10294.114358362234,
            2542.167282175574,
            14233.790525272674,
            7032.1864871822945,
            4734.356672870191,
            4881.752006552837,
            5309.402283486763,
            5547.551635468828,
            5197.988628922238,
            6678.166560906497,
            15373.687267693307,
            14634.865201146427,
            4178.900036505951,
            16043.49333811157,
            15648.58648860191,
            16799.4378681193,
            17888.189880951482,
            18359.58073469065,
            18687.72989614244,
            19049.223135149678,
            19403.933961300063,
            24276.50885762296,
            26774.64512215667,
            27522.037850809807,
            29607.543507603652,
            29706.13914195772,
            37003.306338185605,
            16298.678373264465,
            10116.006739935568,
            10503.100735227452,
            15227.543900423703,
            15324.18122398891,
            15831.453151600215,
            16345.105755958297,
            16404.627839620636,
            14907.638458942563,
            2797.8666089688745,
            3052.5037239986755,
            2143.921809709275,
            2070.5510700884465,
            1484.7197744691491,
            1490.3413428172942,
            758.5028154487642,
            514.1281715411612,
            417.6039382023251,
            94.73992803885344,
            4990.845493117776,
            1674.96371541624,
            9784.570555223658,
            7607.7518527503835,
            7790.413897137751,
            8133.8970108042395,
            8967.50948209194,
            10544.85836530835,
            10730.010040316329,
            11323.361302753281,
            11439.990469625669,
            12443.626337694988,
            12933.46669717866,
            12899.75146582121,
            13669.600027910143,
            16159.181827486764,
            16907.059381393057,
            3447.303787588414,
            14624.302787889874
        ],
        [
            6096.152855565327,
            7570.074093434377,
            16038.099199754757,
            5700.87319809708,
            4111.1020257786,
            2863.307647078159,
            0.0,
            4456.891572040599,
            5008.008633221493,
            2196.2804827434975,
            7330.782401406806,
            7659.357462115965,
            9907.696517339831,
            11473.157906970375,
            13752.80442682581,
            13771.687756743182,
            13621.461704643705,
            13525.689157556495,
            12543.263015125902,
            10662.5492164593,
            8071.220189066339,
            322.5778349259043,
            11996.774872914793,
            9503.488490440002,
            6178.060642051204,
            6544.011588747699,
            7328.323749893305,
            7658.164547980735,
            7129.71156801728,
            9092.590861971497,
            12980.735871883182,
            12319.32442275577,
            5953.588011086979,
            17674.374301452088,
            17274.858980229215,
            18327.5362028285,
            19368.248574593275,
            19763.51531938415,
            20067.123139214567,
            20405.94943579841,
            20739.12145958705,
            25419.305692370668,
            28421.765730274117,
            29287.326575385217,
            31475.13118214661,
            31579.150969619706,
            39327.24689198887,
            13883.92674849838,
            10364.202991047938,
            10754.655627006061,
            15947.067247283852,
            16183.273798532668,
            17050.79673319935,
            17775.40505726297,
            17919.091930266455,
            15339.687397842985,
            68.85880342986313,
            189.22329151243116,
            722.967895191542,
            4884.716677741789,
            4049.0373954831734,
            4044.003187195209,
            3431.8316393022815,
            3223.1477118287044,
            3106.1196936549836,
            2813.750541877674,
            7579.988301866683,
            1190.0602947984935,
            12295.275799239582,
            10252.61888048598,
            10452.193894694523,
            10819.171057661397,
            11696.423550109843,
            13271.202890121584,
            13418.44840679422,
            13900.713861533151,
            13986.239769138805,
            14852.061595839548,
            15271.475211040894,
            15259.817184851221,
            16002.795804187715,
            13731.645405261877,
            17962.23382363299,
            6206.136744840417,
            13019.491133442072
        ],
        [
            3061.015738378424,
            4426.6447443026445,
            12212.470879764065,
            1251.705035853589,
            350.26269478347206,
            3051.0406534787066,
            4456.891572040599,
            0.0,
            553.8133291301696,
            6580.320573392947,
            11787.501563712425,
            12115.20371272952,
            14360.434671313134,
            15929.533533265743,
            18185.98302884774,
            18197.925760896447,
            18054.641584742723,
            17954.228008270704,
            16991.51564021876,
            15117.278537257756,
            12525.616771553083,
            4246.9795612784865,
            16453.666444955095,
            5403.710399769257,
            1773.6228918088834,
            2088.3849786167684,
            2936.4058317097006,
            3304.5853319923194,
            2706.775565706398,
            4940.586423303777,
            17418.9635667031,
            16771.93757666898,
            1518.8791490679432,
            13285.209589029762,
            12886.44114142986,
            13981.619548955156,
            15047.154949256908,
            15482.431731820474,
            15800.183483527086,
            16152.542464196225,
            16498.89337765802,
            21310.777606769316,
            24041.477773403316,
            24869.42738874803,
            27034.746833420042,
            27137.816386165643,
            34921.76100855172,
            18314.506532098778,
            7142.4087587140275,
            7523.2914610602975,
            12178.070041602718,
            12285.756891656989,
            12874.680458916833,
            13475.564101350987,
            13578.361591910738,
            11868.318556094368,
            4423.520614839317,
            4595.519928606235,
            4005.618811095683,
            2902.813053279267,
            2069.532220958135,
            2049.602762074926,
            2477.81253594824,
            2635.34781991171,
            2676.5377348686516,
            2979.1994141608443,
            3862.229974601831,
            3713.1787139922194,
            8150.953040268072,
            6415.506506394628,
            6642.792325610664,
            7047.857895791621,
            8004.21637238626,
            9513.538734454938,
            9557.46831624388,
            9816.234061005769,
            9855.031425962909,
            10559.409645676558,
            10923.126883880466,
            10926.36284576097,
            11646.469300739167,
            18158.59880303482,
            13906.200294122404,
            3329.2072519174403,
            17308.160137954597
        ],
        [
            3005.9159305638204,
            4260.657583113064,
            11805.843601524533,
            723.6691394158943,
            903.8190858665029,
            3461.6192678402035,
            5008.008633221493,
            553.8133291301696,
            0.0,
            7134.133632621075,
            12338.02398328643,
            12665.0875923027,
            14908.991045535595,
            16479.6513878319,
            18739.736179615138,
            18751.73720909729,
            18608.393876163263,
            18508.02901954968,
            17544.626980424062,
            15666.526129114061,
            13074.848898664273,
            4794.455272427327,
            17004.547729551887,
            4907.751301604749,
            1279.6104350309067,
            1542.6613561129072,
            2392.014641243672,
            2767.597346252883,
            2156.1826850442417,
            4437.401641638348,
            17972.60009381585,
            17324.544062002635,
            968.8555067208423,
            12758.261622619539,
            12359.859308455334,
            13464.974069494907,
            14535.61743606623,
            14979.406924156156,
            15299.963387803293,
            15654.9276902416,
            16003.773903499452,
            20838.12549784158,
            23514.10785941319,
            24332.990487251856,
            26491.930580939035,
            26594.697486649842,
            34368.85336726652,
            18868.292647954968,
            6890.722761203481,
            7264.212132511914,
            11782.380271984726,
            11864.99591896115,
            12396.486727552108,
            12969.85875283794,
            13063.172488980377,
            11529.111536442946,
            4973.89691642039,
            5147.898740387048,
            4545.645547952363,
            2991.5752145073807,
            2308.7613289172964,
            2290.299120032656,
            2825.7717346874356,
            3010.466709381,
            3066.9486535181954,
            3397.2934194093814,
            3476.349682357623,
            4240.349643878446,
            7635.649017647461,
            5961.847370858034,
            6192.316417950324,
            6601.002194388424,
            7564.260452420232,
            9055.005278277282,
            9082.5397670286,
            9306.408539437043,
            9338.246496322343,
            10019.624321403497,
            10376.53268283503,
            10381.450599995313,
            11098.789336168016,
            18712.40808540341,
            13450.900439956782,
            3175.2953181807147,
            17830.732446633796
        ],
        [
            7767.065373261166,
            9150.376196608497,
            17670.41351905412,
            7804.427199842488,
            6230.519620185321,
            4944.971644494216,
            2196.2804827434975,
            6580.320573392947,
            7134.133632621075,
            0.0,
            5297.364228420452,
            5638.963796472232,
            7897.207743670594,
            9424.966045281742,
            11606.6638054305,
            11617.618673819856,
            11475.342164462521,
            11374.078774468277,
            10424.683476142713,
            8634.414875369013,
            6062.018468842925,
            2481.500991008222,
            9932.005340213806,
            11699.50504108524,
            8247.520328631623,
            8651.866272117008,
            9488.253176147553,
            9828.434561118986,
            9278.02392015933,
            11287.00760912435,
            10841.85253945588,
            10215.225185350042,
            8093.702995596684,
            19661.048660017754,
            19261.829945082613,
            20272.732491589006,
            21289.494895518783,
            21651.854069566714,
            21943.69232752196,
            22271.236643562792,
            22593.531003453678,
            27165.230871163312,
            30381.32280551324,
            31290.973076868853,
            33513.02179104974,
            33618.837793612656,
            41492.84329537315,
            11734.605073414356,
            11832.553231028669,
            12212.864199212196,
            17550.331664751768,
            17853.02288742352,
            18877.887613924835,
            19685.30891820205,
            19861.171221630775,
            16799.640945764146,
            2247.475935769388,
            2027.3740657880037,
            2847.423367148132,
            7008.242681201491,
            6225.442914597558,
            6221.55832250692,
            5579.388938034014,
            5357.05366150046,
            5238.1718078172735,
            4910.772309742622,
            9771.045403769705,
            3301.0861718877113,
            14491.422629623201,
            12440.791893842395,
            12638.068135888381,
            13001.18548209968,
            13868.394754836234,
            15444.978360100618,
            15601.641342987978,
            16096.31399581588,
            16182.501317960927,
            17041.167306227173,
            17451.874123504218,
            17443.14164003405,
            18181.742046335643,
            11578.320222527716,
            19708.600936452847,
            8359.517787895302,
            11325.065413439654
        ],
        [
            13029.387118442506,
            14366.144889057838,
            22859.492877417928,
            13031.224843167976,
            11441.879762398512,
            9615.903655930444,
            7330.782401406806,
            11787.501563712425,
            12338.02398328643,
            5297.364228420452,
            0.0,
            349.9883770431634,
            2600.3001229990596,
            4142.841583300336,
            6552.92090454171,
            6605.858987658055,
            6423.267792233883,
            6352.319445146069,
            5273.7966093986015,
            3339.650041760754,
            776.795223705702,
            7548.606676610224,
            4667.164810544119,
            16637.00143670028,
            13500.52104418222,
            13874.784816237307,
            14633.299009030188,
            14945.928139422642,
            14446.820180872699,
            16264.112040312171,
            5764.423297185238,
            5023.527173132196,
            13278.184328789826,
            24954.45061524541,
            24555.099188039752,
            25570.08343859803,
            26585.952914468566,
            26943.925642321516,
            27233.329379899536,
            27558.125932574345,
            27877.410858899566,
            32400.59142763315,
            35678.55671072683,
            36582.1586984896,
            38791.91750593503,
            38896.855814498216,
            46584.517843145906,
            6695.1872223086775,
            16957.313790766413,
            17326.65824142385,
            22721.74085399518,
            23063.384101922074,
            24156.36029832106,
            24980.970191753993,
            25158.535391323472,
            21873.160010224532,
            7364.136515313452,
            7196.697845455808,
            7830.476393977195,
            11627.054457993294,
            11064.304622290383,
            11065.683211220954,
            10351.383096196165,
            10107.181823288853,
            9992.229426683245,
            9615.05624720223,
            14606.748949612294,
            8206.203615025976,
            19399.76247132061,
            17206.1305447489,
            17380.030277178186,
            17706.947614664132,
            18492.51634925423,
            20059.153377256443,
            20284.159221798218,
            20933.33576537798,
            21054.707347516625,
            22042.105623928743,
            22505.65454195967,
            22481.474380992004,
            23240.78181197479,
            6562.929990468613,
            24954.303588147348,
            13019.956979029455,
            6428.8326712879925
        ],
        [
            13376.147623260813,
            14714.853295794019,
            23209.07202472747,
            13360.230509759282,
            11770.189592223542,
            9913.160769326334,
            7659.357462115965,
            12115.20371272952,
            12665.0875923027,
            5638.963796472232,
            349.9883770431634,
            0.0,
            2258.6480884560538,
            3814.79910101297,
            6274.598735907396,
            6334.849279004224,
            6145.7248487921,
            6080.562566544534,
            4980.697034589469,
            3004.5114701125444,
            427.24146621038614,
            7873.2168799987485,
            4345.270140835302,
            16939.13127030116,
            13832.36282734901,
            14203.033842062243,
            14953.678188408101,
            15263.715237372802,
            14769.456789478872,
            16569.588114668004,
            5484.702335161757,
            4721.716110094564,
            13602.89847459253,
            25292.765289067727,
            24893.372448554208,
            25911.099285686974,
            26928.357601087806,
            27287.92907780714,
            27577.858793336665,
            27903.13614154749,
            28222.860474225974,
            32749.29021434611,
            36019.183486129325,
            36919.480240249606,
            39125.9891397912,
            39230.73518327068,
            46893.62981761426,
            6418.943401616739,
            17307.27045738491,
            17676.640798159206,
            23071.51979791738,
            23412.59823863077,
            24502.380819170296,
            25323.80367131776,
            25499.698193456625,
            22223.011942510937,
            7691.729639996053,
            7527.403200355153,
            8150.088653884639,
            11915.181768434968,
            11366.969325976805,
            11368.665465189888,
            10651.856813083952,
            10407.122189581394,
            10292.73602693331,
            9914.092013417398,
            14903.433658059485,
            8520.667651871443,
            19697.72343608703,
            17494.985897268725,
            17667.03064372481,
            17991.026898121938,
            18769.988030139746,
            20334.471049766795,
            20564.30003731702,
            21224.773282180704,
            21348.85207286055,
            22346.44256376524,
            22814.506630546715,
            22788.942454726963,
            23549.88986450323,
            6291.451121914126,
            25302.485674581138,
            13307.496130966625,
            6095.428660475231
        ],
        [
            15624.987854359195,
            16951.386360249217,
            25431.84215029491,
            15607.488880404639,
            14016.594744872256,
            12082.804028942617,
            9907.696517339831,
            14360.434671313134,
            14908.991045535595,
            7897.207743670594,
            2600.3001229990596,
            2258.6480884560538,
            0.0,
            1607.0133708349374,
            4329.699881168623,
            4436.906093912998,
            4209.742994948124,
            4185.768599823717,
            2978.138657961165,
            770.2136844035982,
            1838.7831443442635,
            10114.715723791796,
            2164.577603297036,
            19114.977744783395,
            16084.086664073962,
            16448.783209875193,
            17182.450591576722,
            17485.952353030974,
            17003.54974644435,
            18756.214740528518,
            3556.7688110570843,
            2666.964792664502,
            15841.867908667107,
            27550.8972928901,
            27151.48508111799,
            28169.653298329496,
            29186.205584032377,
            29543.875401029887,
            29832.851583000178,
            30157.08069455516,
            30475.67749604273,
            34984.361140413115,
            38277.81263683119,
            39176.92122290832,
            41379.91815244751,
            41484.3998017721,
            49084.45422086598,
            4483.795396579463,
            19517.006814300028,
            19882.84275247422,
            25288.88819723812,
            25641.922516139563,
            26753.514385665556,
            27581.270150615677,
            27758.211397145198,
            24411.26242831869,
            9938.502278477934,
            9778.878237980502,
            10381.394193148411,
            14051.329388645589,
            13550.25926706636,
            13552.895931383611,
            12829.746760592003,
            12583.855083146698,
            12471.369588450038,
            12089.083908555778,
            17063.46578925408,
            10739.854833635107,
            21857.913838473738,
            19625.389971648267,
            19790.617121090312,
            20103.643398534456,
            20856.980729432027,
            22411.38456603792,
            22659.52362425694,
            23361.20503104288,
            23494.807083376803,
            24526.38456470154,
            25008.57609102453,
            24978.708900821075,
            25744.513376653445,
            4391.696340971731,
            27542.545104315803,
            15438.982122204077,
            4338.113644424078
        ],
        [
            17107.398905970975,
            18405.20293690222,
            26853.208754798576,
            17173.85508402331,
            15584.223689561744,
            13685.813107041242,
            11473.157906970375,
            15929.533533265743,
            16479.6513878319,
            9424.966045281742,
            4142.841583300336,
            3814.79910101297,
            1607.0133708349374,
            0.0,
            2852.8995354964086,
            2995.063101118458,
            2745.028463964996,
            2758.1068503380493,
            1523.4655863037992,
            837.8620946546708,
            3409.6114880894656,
            11688.003686181612,
            564.2898321811533,
            20717.9038798512,
            17643.07556015956,
            18017.12782160753,
            18766.295313131443,
            19073.758405369448,
            18583.543072166085,
            20356.981905321125,
            2135.553138304148,
            1178.9427384272979,
            17417.64631251556,
            29085.872986336,
            28686.687746177075,
            29690.369053292397,
            30698.034511356127,
            31043.916566963962,
            31328.46934858239,
            31648.364277460758,
            31962.728962871686,
            36424.78657581889,
            39799.74748502863,
            40715.92490804795,
            42932.21143808035,
            43037.3970792311,
            50685.234951713355,
            3009.499483540957,
            20922.572712251575,
            21282.653905861636,
            26701.18558133936,
            27074.944493766696,
            28236.04088722245,
            29090.483204731452,
            29278.12197772617,
            25780.31710820104,
            11506.014220193214,
            11339.539235238593,
            11962.89111001881,
            15657.859747518683,
            15151.090019064184,
            15153.52660934865,
            14431.511855211953,
            14185.783226585603,
            14072.92101033721,
            13691.216174628065,
            18668.41980071103,
            12328.313269799632,
            23463.153547200727,
            21232.319611628038,
            21397.62760746483,
            21710.556913580185,
            22462.70462433578,
            24016.20780389493,
            24265.663518640074,
            24968.04597091827,
            25101.244067655854,
            26128.91530959184,
            26607.92121681244,
            26579.15649056426,
            27343.74295505959,
            2950.2147006334144,
            28996.286357100147,
            17045.77269637697,
            3977.53117613401
        ],
        [
            19046.844368524646,
            20248.274259486534,
            28549.170084941514,
            19410.59091735378,
            17836.44932612008,
            16159.432226111487,
            13752.80442682581,
            18185.98302884774,
            18739.736179615138,
            11606.6638054305,
            6552.92090454171,
            6274.598735907396,
            4329.699881168623,
            2852.8995354964086,
            0.0,
            224.4261768567377,
            131.3560474890506,
            275.0057478656885,
            1353.41583557475,
            3619.8130512262996,
            5927.125575315114,
            13997.83224299531,
            2325.2355942626464,
            23166.121131678483,
            19845.41140877983,
            20258.095541970724,
            21080.828806954243,
            21409.809218764403,
            20878.196812102422,
            22783.439455607408,
            790.3196499761602,
            1681.875313705895,
            19696.641510379224,
            31146.06845316208,
            30748.859367086665,
            31694.922576997724,
            32667.56587257816,
            32971.076964051324,
            33239.657094594164,
            33543.95768379258,
            33843.24431341706,
            38144.98303210232,
            41787.586240419485,
            42769.59979506096,
            45039.59561322213,
            45147.786068974565,
            53077.00288680258,
            156.60017216800117,
            22609.325760813692,
            22950.955703506144,
            28371.875934977383,
            28803.858521004524,
            30113.282850101885,
            31055.336917974513,
            31280.882419728307,
            27336.40568745527,
            13793.564229613212,
            13601.985015009157,
            14307.540033400777,
            18178.880431286154,
            17596.208668516323,
            17596.816264552806,
            16888.762516268656,
            16645.809417326327,
            16529.864497340313,
            16155.730921912358,
            21148.73078752089,
            14705.698594307241,
            25937.758556523513,
            23757.01366595541,
            23932.002997447613,
            24259.795709707298,
            25043.787899051604,
            26608.915275394364,
            26836.667900027453,
