{
    "file_name": "taxi_data/taxi_data_6.txt",
    "method": "p_median_importance_reduced",
    "Delta": [
        [
            0.0,
            18570.201797556474,
            10176.035700593022,
            18745.289546803495,
            20707.40749633167,
            15409.478135409401,
            4781.863953193154,
            9430.2625110896,
            15487.558389701078,
            6618.453396889177,
            10481.833247391214,
            2416.6541417797666,
            20999.689645480405,
            17439.4671890199,
            12294.192179581843,
            8637.659334779068,
            10395.066342135186,
            4321.551565941772,
            8045.379987756286,
            15662.983612245196,
            11213.611163939766,
            17407.46316218155,
            21287.28481105771,
            17083.07093094676,
            13794.665288699465,
            20920.152619446806,
            20404.561713945226,
            19364.4157326345,
            9278.52266169322,
            15963.90224899863,
            1435.3843693016283,
            3188.5343428775814,
            16159.051505131682,
            10830.316006448827,
            6409.453125228826,
            20535.13504664551,
            7369.732568829129,
            9716.24983883734,
            18003.89555160577,
            16515.748414093625,
            9921.282877585669,
            15930.676757481075,
            20755.612593728092,
            20874.08038021804,
            17936.3182132764,
            9777.82563956622,
            4089.6933792655814,
            19903.106653730134,
            10366.799654783166,
            889.9187788395606,
            12673.050432264425,
            1908.947684290746,
            6989.241521207747,
            20956.352976276226,
            17422.18930031327,
            10715.858566385949,
            10022.337136579727,
            7721.923446818618,
            8305.443041036766,
            11472.040288157184,
            10640.219656855816,
            21034.824689763103,
            15764.273058922929,
            10188.11551360935,
            11008.758593120272,
            9592.429290654534,
            4127.197871741432,
            9333.94547542734,
            20570.52005119858,
            10526.440850674097
        ],
        [
            18570.201797556474,
            0.0,
            10322.567507770616,
            11047.399399027334,
            6578.447885843941,
            12480.905088925178,
            17674.403808627772,
            9552.485575223014,
            3187.6027128340884,
            12412.977350054127,
            11477.760259154473,
            16837.755066459154,
            2522.3298176128583,
            3658.588295350824,
            12972.381852496737,
            19634.58982726541,
            8726.47021522498,
            14757.08570407551,
            10902.449056508158,
            14633.066446453753,
            11588.28553914854,
            11448.542451758347,
            8649.608172166361,
            1807.737121719063,
            13447.656769614201,
            3308.660844483253,
            4877.049556268708,
            794.3815123219387,
            11774.962629113974,
            12149.251251690715,
            17726.43810558676,
            16260.77700023825,
            2528.354504578768,
            11141.447845495586,
            17966.03700647152,
            5765.648012843021,
            11651.667348260073,
            9691.148684120057,
            567.1911639790422,
            11828.527137478935,
            9985.13239000419,
            2645.596841779879,
            2186.148189477427,
            7267.873392016506,
            11257.26257071635,
            9336.92335671597,
            17652.02699120392,
            1333.009066600515,
            8529.825486029291,
            18164.40404735533,
            13406.109728908608,
            17346.130555548763,
            12036.231118912952,
            2986.360331787149,
            3288.5803766393146,
            8284.651625590457,
            9005.49510159043,
            11287.228568310516,
            10582.138893584586,
            11883.651028489345,
            10914.811207610011,
            2673.0367755094007,
            2952.5122364846648,
            8935.806649305829,
            11350.957948693249,
            9537.42326915025,
            14956.42380416677,
            9727.251052564607,
            5956.701329044537,
            8590.047372249499
        ],
        [
            10176.035700593022,
            10322.567507770616,
            0.0,
            8850.581110544832,
            10678.989732063385,
            6357.51141770203,
            11765.659125102651,
            2371.905523612319,
            8066.530142246989,
            3730.86526916959,
            10204.303153973511,
            7885.663739532213,
            12326.288284896178,
            11035.543966073552,
            4238.208031707649,
            15358.621106594699,
            2273.163391016554,
            5854.759291803336,
            2836.6787202329815,
            7665.992145911222,
            2279.5119463156843,
            7722.570093424562,
            11117.136031159793,
            8537.04015563745,
            5634.536828204553,
            11720.322580328253,
            10656.762719244507,
            11041.68771619783,
            1452.8610620859135,
            6683.836520006171,
            8920.15754998744,
            7140.703062251626,
            8581.924539149162,
            1534.5136839057345,
            12921.626521516913,
            10620.302069946827,
            3149.340681177693,
            1523.3704950310107,
            9797.85246958065,
            7044.554337654348,
            756.1255011828674,
            8095.371738392369,
            12318.64559534438,
            10775.767927894336,
            8153.489617508375,
            2098.125062181798,
            11358.827818038717,
            11539.077252301953,
            2791.103085173387,
            9474.45942792074,
            4827.787505526719,
            8445.190692562983,
            3433.7498071805785,
            11916.563478605158,
            10811.502711892217,
            2694.751700691002,
            2347.3715601822005,
            2923.861311869117,
            2840.8730297768043,
            2746.5279252616674,
            1134.2203128342164,
            12238.139116884691,
            8344.524446486052,
            2184.7591091123627,
            1890.3329878567051,
            2046.0577716331923,
            6049.003916842135,
            2194.3922376963524,
            10625.693131515598,
            2345.6438348347106
        ],
        [
            18745.289546803495,
            11047.399399027334,
            8850.581110544832,
            0.0,
            5882.783910787896,
            3989.130050353939,
            20603.888711075182,
            10650.232689789747,
            11341.225537848084,
            12568.220549734888,
            17788.51781917601,
            16349.903171350692,
            11320.680580146027,
            14054.251940347245,
            6942.713098303446,
            24079.786023533303,
            9882.10516197459,
            14503.546319037914,
            11604.329819306504,
            5502.9319390229,
            7544.088924220968,
            1551.6672264686006,
            4481.636780673447,
            9746.525298759232,
            5954.524340002087,
            9714.956669486342,
            7353.409309372357,
            11281.090313280278,
            9483.586721249056,
            3298.7480305279014,
            17383.71763331831,
            15575.384707733914,
            11330.791911525179,
            7925.123482033931,
            21700.405254638143,
            6550.655651221806,
            11997.028189355959,
            9925.52592513352,
            10871.194177116518,
            2608.942158003353,
            9368.59810988436,
            10776.732203500134,
            11795.971501110735,
            5356.456982559161,
            929.5114478149911,
            10240.67756912537,
            20208.31423861212,
            11478.112039067544,
            10294.219195238718,
            17958.42548891952,
            6845.5787872774345,
            16893.93461252571,
            12283.032300915702,
            10240.320701770137,
            13681.352652453465,
            9919.940493862241,
            10233.443684649601,
            11751.054957640545,
            11523.654963179039,
            7333.783370606609,
            8150.652716665156,
            11000.02210354489,
            11450.222151753858,
            9991.472549391,
            7736.530989482165,
            10331.31453498082,
            14680.220863209031,
            10587.594705585418,
            6387.145821580498,
            9820.453976410194
        ],
        [
            20707.40749633167,
            6578.447885843941,
            10678.989732063385,
            5882.783910787896,
            0.0,
            9015.19234368171,
            21260.647161081477,
            11378.301799970157,
            8356.74702126388,
            14090.059242696201,
            16509.29454962344,
            18512.224702669864,
            5915.3957607962675,
            10168.137818254098,
            11038.09882935023,
            24060.141696909417,
            10412.953516735815,
            16420.903685115078,
            12709.853214894893,
            10993.715281470397,
            10610.884410532326,
            6989.141101850408,
            2124.6614669028204,
            6089.288425976762,
            10706.125223843188,
            4169.035502273882,
            1791.8828448875279,
            6477.002745471294,
            11899.510694379538,
            8420.075548577666,
            19532.861022876838,
            17787.039215124212,
            8011.7943973188885,
            10582.08492874464,
            21981.159707945564,
            845.4685722535264,
            13348.378948144971,
            10996.523427543107,
            6665.836666706377,
            7828.423460111607,
            10810.963058762285,
            7629.551918803802,
            6518.487191343645,
            712.1071099835726,
            6519.128282068874,
            10996.124683879261,
            21040.274560233247,
            6473.793316024379,
            10571.076438295491,
            20069.987742614987,
            11215.175066529955,
            19070.23520027163,
            13722.846740931702,
            4736.706068977144,
            9785.033997158496,
            10181.577162128055,
            10802.860286306895,
            13005.870383420497,
            12487.20866563849,
            10655.492054972894,
            10588.250200299304,
            5550.139321537049,
            8316.60511167011,
            10605.618955489732,
            10589.31301208657,
            11167.592047237382,
            16622.91010680798,
            11436.569258468075,
            645.1560357174723,
            10292.928075997803
        ],
        [
            15409.478135409401,
            12480.905088925178,
            6357.51141770203,
            3989.130050353939,
            9015.19234368171,
            0.0,
            17873.688691601386,
            8608.81144875968,
            11713.901643100628,
            9774.34906015186,
            16365.467640240653,
            12992.857859286796,
            13475.007845848235,
            14747.117662373457,
            3164.59316501879,
            21623.27739677638,
            8115.71986265188,
            11349.234703417465,
            9175.00037135492,
            2157.7027836989855,
            4392.763578993968,
            2437.573005324591,
            8160.45489430261,
            10831.176759374837,
            1969.2249066234713,
            12134.354711716578,
            10054.050529401546,
            12935.107235451991,
            6464.457293751164,
            690.3875005268468,
            13999.90869388063,
            12222.783810782692,
            11931.285112451265,
            5007.101946967406,
            19143.230555374288,
            9468.654366186578,
            9364.575706852893,
            7768.956041171201,
            12141.990744136543,
            1380.596905415489,
            7052.262909924608,
            11347.356404637925,
            13794.519486105935,
            8675.28083519315,
            3059.7852427052785,
            8249.24730848609,
            17396.08940023034,
            13269.697369313077,
            8627.56611509254,
            14575.427956151516,
            2938.3742013982983,
            13512.462384583943,
            9566.138926603224,
            12574.518831711934,
            14415.462539089627,
            8336.211689498008,
            8373.396993168604,
            9207.312097495362,
            9197.909568679466,
            4030.19230919069,
            5350.921545867632,
            13221.761545470983,
            11907.616253875058,
            8144.983233639644,
            4708.983423794574,
            8267.809794086517,
            11503.30961337006,
            8472.95492820706,
            9354.241868884359,
            8107.741071585221
        ],
        [
            4781.863953193154,
            17674.403808627772,
            11765.659125102651,
            20603.888711075182,
            21260.647161081477,
            17873.688691601386,
            0.0,
            10109.378504846663,
            14488.06641020331,
            8113.482283988518,
            7324.129682318398,
            6154.668828273951,
            20195.750176213067,
            15668.717161895365,
            15017.322939863698,
            4086.114891757377,
            11014.835242198209,
            6803.850762379017,
            9009.441460566079,
            18617.87874784681,
            13481.0853429221,
            19480.106574139616,
            22274.909683765938,
            16517.693540724355,
            16591.76250778359,
            20519.375676585398,
            20562.271090193295,
            18447.15819031842,
            11409.231426223567,
            18311.26436087574,
            5710.432455626095,
            6664.973615183193,
            15146.93245729202,
            12899.452586829699,
            1649.424560245547,
            20905.151028098706,
            8617.180231537608,
            10732.51715540106,
            17136.024116072473,
            18747.277686533886,
            11238.929122121413,
            15089.017706796054,
            19808.115078065268,
            21577.654223883932,
            19919.134185962947,
            10521.736307307714,
            696.9796364588622,
            18969.737833853866,
            10756.27127265417,
            5432.8191235663335,
            15507.223410914257,
            5962.027652240779,
            8357.240462503176,
            20424.674872885033,
            15755.036934484755,
            11155.065378392568,
            10626.091629213608,
            8853.023293713715,
            9120.213550898457,
            13853.670704069751,
            12594.043182413026,
            20316.074938716734,
            14723.55840981553,
            10852.982305768275,
            13175.195320877987,
            10392.347217141907,
            6711.404980128419,
            10121.779009558424,
            20984.59550536403,
            11114.858001021663
        ],
        [
            9430.2625110896,
            9552.485575223014,
            2371.905523612319,
            10650.232689789747,
            11378.301799970157,
            8608.81144875968,
            10109.378504846663,
            0.0,
            6809.1276451679605,
            2906.770479249769,
            7837.513847042488,
            7422.749790519676,
            11830.588103373258,
            9518.996350348376,
            6604.984147664276,
            13434.565691114169,
            969.7923633071866,
            5300.52505793058,
            1399.317501600993,
            10023.023453884134,
            4649.481356970319,
            9701.518228324156,
            12208.9950836833,
            7893.395011437611,
            8002.660295793509,
            11562.263683874415,
            10978.712685927123,
            10327.790232390085,
            3242.3982764211687,
            8865.550363207676,
            8384.150040821158,
            6783.605093226347,
            7420.73221669949,
            3904.7681059087763,
            11089.146955611664,
            11145.389057441309,
            2130.816820332607,
            854.7146605454839,
            8992.289328960424,
            9147.439160422959,
            1617.39586836287,
            7038.448636727832,
            11689.649662477947,
            11614.910232592654,
            10058.56563176497,
            414.2476611648298,
            9799.588061048826,
            10857.148748669522,
            1022.8309238602202,
            8879.351042351345,
            7194.316807541565,
            7960.048446577381,
            2522.9947122037515,
            11647.065167982904,
            9355.609266806638,
            1306.48233360762,
            592.4281401199781,
            1762.4975782570373,
            1125.0809481684598,
            5116.359995236638,
            3504.6750683330583,
            11815.21924993546,
            7100.404743312516,
            772.6978262078966,
            4260.439276572161,
            341.0040744395517,
            5504.855530877232,
            228.27346997574722,
            11192.855762837278,
            1097.6961500318057
        ],
        [
            15487.558389701078,
            3187.6027128340884,
            8066.530142246989,
            11341.225537848084,
            8356.74702126388,
            11713.901643100628,
            14488.06641020331,
            6809.1276451679605,
            0.0,
            9549.216670606631,
            8485.62426999969,
            13860.458194177938,
            5707.774778414521,
            3089.0290897037557,
            11431.952956363339,
            16537.02667293899,
            6117.779449279582,
            11823.648391551724,
            8072.569580786154,
            13770.416860380485,
            9759.427303799486,
            11307.374055318005,
            10164.10781572023,
            2343.2229473343946,
            12237.825499479502,
            6199.137282147368,
            6991.476840926997,
            3967.517123347081,
            9473.199160420283,
            11549.655654672797,
            14709.705597261229,
            13326.412419780268,
            674.3408199393738,
            9180.057871972525,
            14804.744166364144,
            7684.002889789993,
            8815.768871445873,
            7124.774609634189,
            2648.96821090515,
            11402.972935123773,
            7575.469690787023,
            736.1334363417922,
            5345.985849944761,
            8943.949627020631,
            11288.633842797377,
            6672.768552449045,
            14464.80175943454,
            4497.57898998702,
            5806.652692947506,
            15124.10855146266,
            11944.433326093118,
            14350.75103836225,
            9185.588617693098,
            6013.274698815012,
            2804.6820103964374,
            5646.8187848225225,
            6323.231985885282,
            8463.161514527063,
            7741.016586878716,
            10133.658297483289,
            8878.964631937824,
            5834.416788952484,
            291.48544691275845,
            6309.475461264959,
            9453.877427203477,
            6864.882037243604,
            12017.643031879363,
            7009.790503697804,
            7838.846845019964,
            5991.474163104872
        ],
        [
            6618.453396889177,
            12412.977350054127,
            3730.86526916959,
            12568.220549734888,
            14090.059242696201,
            9774.34906015186,
            8113.482283988518,
            2906.770479249769,
            9549.216670606631,
            0.0,
            8183.949099463513,
            4522.631704075978,
            14725.211540684488,
            12043.418934709847,
            7044.159851655127,
            11868.10573967316,
            3839.3934829664645,
            2397.3519581117594,
            1516.288996879446,
            10674.817260076583,
            5384.8958313383455,
            11387.358000003382,
            14729.386878911655,
            10784.554015859312,
            8612.194954136914,
            14466.491654990881,
            13810.677277361556,
            13195.152830747638,
            3322.344122159222,
            10199.236740051541,
            5500.995835147273,
            3877.040872664858,
            10188.526380947804,
            4786.354548094552,
            9373.161530186082,
            13919.749797370638,
            776.6517118551385,
            3098.663761398833,
            11849.061970837183,
            10635.3532601653,
            3346.066455493,
            9850.141729472965,
            14566.505712462304,
            14266.96005000125,
            11846.17156020868,
            3208.916408427063,
            7668.73422460928,
            13728.006195801541,
            3911.118747231925,
            6013.160540978311,
            7578.272694798023,
            5065.500477061458,
            384.0617773351125,
            14553.831853403402,
            11927.290907927098,
            4213.018837318229,
            3491.4001023033356,
            1144.5257067240238,
            1831.0353960382224,
            5777.494707325127,
            4482.916565643075,
            14716.291217883532,
            9839.756873177263,
            3626.543752517989,
            5067.382918333932,
            3014.414421218697,
            2602.2117560517404,
            2772.6146767182986,
            13953.234923331776,
            3975.6341198758214
        ],
        [
            10481.833247391214,
            11477.760259154473,
            10204.303153973511,
            17788.51781917601,
            16509.29454962344,
            16365.467640240653,
            7324.129682318398,
            7837.513847042488,
            8485.62426999969,
            8183.949099463513,
            0.0,
            10149.079186362616,
            13938.128133705442,
            8779.455437191718,
            14413.308696547152,
            8249.676817943224,
            8249.974687633083,
            9025.854719577997,
            7760.225945990001,
            17859.37787231567,
            12471.441705253179,
            17125.625932066847,
            18028.80122773651,
            10798.609475586434,
            15838.667074796003,
            14665.977667573858,
            15360.844764225654,
            12175.751925223738,
            10798.24483105584,
            16549.422120138184,
            10483.023474216501,
            10081.398327991907,
            9050.068826416635,
            11729.678673146696,
            7003.491735433152,
            15944.546151206154,
            8017.671274437588,
            8692.053083169278,
            11010.983923686801,
            16738.722033782335,
            9453.250941314885,
            9200.771339185012,
            13430.423822262554,
            17000.163697215612,
            17371.702303545248,
            8157.118867505868,
            7615.035673361099,
            12650.68255784112,
            7743.195909954864,
            10605.408902097493,
            15000.08743944812,
            10381.421181610169,
            8092.71046799127,
            14434.929076546054,
            8945.793303260261,
            8056.163376429686,
            8000.091498023547,
            7941.5611492739845,
            7584.185717317035,
            12936.617535497517,
            11331.295172053591,
            14137.566937352765,
            8642.497966302679,
            8223.997618063537,
            12083.903778490476,
            8171.850120169461,
            9115.407321665973,
            8009.951033940066,
            16074.27324242925,
            8261.731514026882
        ],
        [
            2416.6541417797666,
            16837.755066459154,
            7885.663739532213,
            16349.903171350692,
            18512.224702669864,
            12992.857859286796,
            6154.668828273951,
            7422.749790519676,
            13860.458194177938,
            4522.631704075978,
            10149.079186362616,
            0.0,
            19198.682297080515,
            16087.859291048499,
            9880.62225663797,
            10230.937233088172,
            8361.972852223751,
            2125.6919962302627,
            6024.121415621031,
            13275.422271514619,
            8810.577004343297,
            14999.87651148804,
            18999.28839128017,
            15258.233637576399,
            11387.89567452376,
            18984.93195502917,
            18310.573136011764,
            17627.011747171637,
            6907.0476901109605,
            13547.89829472482,
            1040.333393243581,
            775.0924781243596,
            14519.856226559297,
            8449.491759511922,
            7783.078283201556,
            18385.055602403056,
            5298.441006174511,
            7587.536682140707,
            16271.040761988874,
            14102.209329927076,
            7701.552130340672,
            14231.238461787914,
            19009.331462848266,
            18644.47785483251,
            15533.327042081934,
            7731.5131592664875,
            5484.050115083568,
            18163.53049304425,
            8411.973645529364,
            1610.2748657847583,
            10266.299592268157,
            559.5637010101276,
            4906.237430600043,
            19063.057320890424,
            16024.992441754435,
            8728.731860482103,
            8010.871059340604,
            5664.897430679808,
            6319.345503945519,
            9060.858414217308,
            8276.693227229618,
            19203.664854040424,
            14146.216343344315,
            8149.175439495242,
            8615.803995193053,
            7536.582377061531,
            1920.6783724308348,
            7294.843515453093,
            18409.311884724626,
            8498.082023755886
        ],
        [
            20999.689645480405,
            2522.3298176128583,
            12326.288284896178,
            11320.680580146027,
            5915.3957607962675,
            13475.007845848235,
            20195.750176213067,
            11830.588103373258,
            5707.774778414521,
            14725.211540684488,
            13938.128133705442,
            19198.682297080515,
            0.0,
            5623.912791132436,
            14471.278249470159,
            22127.30666761735,
            10953.246890364313,
            17097.52458501798,
            13208.965664131414,
            15623.160931575858,
            13308.332336414443,
            12035.594971940292,
            8025.991115979217,
            3941.5636416677985,
            14713.608775866738,
            1759.8609744453177,
            4141.783571105095,
            1769.1232888512752,
            13771.451612606816,
            13038.484340488523,
            20111.48358054941,
            18595.53127425294,
            5050.666027292279,
            12953.962426713557,
            20484.214245271465,
            5078.503833768456,
            13954.28387066636,
            11875.953014114768,
            3062.1348057065998,
            12606.823447701401,
            12080.87192165138,
            5134.664084624392,
            700.3648500628012,
            6622.433856471451,
            11723.573097374403,
            11578.628934133254,
            20169.059766263097,
            1292.5412914747124,
            10815.694876185124,
            20564.718071721298,
            14841.50825951829,
            19717.670497629613,
            14343.88720281398,
            1190.5504190140869,
            5315.141609066101,
            10535.530108227102,
            11262.459826512124,
            13586.676879104965,
            12898.06733901175,
            13546.649568618262,
            12777.443690097594,
            380.4627308207618,
            5474.8415993975295,
            11166.631975925735,
            13119.130685638762,
            11779.745326436401,
            17299.337002852157,
            11989.386960838816,
            5276.90659568424,
            10815.074964441523
        ],
        [
            17439.4671890199,
            3658.588295350824,
            11035.543966073552,
            14054.251940347245,
            10168.137818254098,
            14747.117662373457,
            15668.717161895365,
            9518.996350348376,
            3089.0290897037557,
            12043.418934709847,
            8779.455437191718,
            16087.859291048499,
            5623.912791132436,
            0.0,
            14516.70265543937,
            17023.82144290222,
            8956.85116932488,
            14164.515483146955,
            10650.481698868365,
            16826.18251678984,
            12819.879997050295,
            14180.82996703846,
            12188.876724675321,
            4341.848833458484,
            15323.098679219464,
            6878.787846642676,
            8514.27923144588,
            4054.8728038127706,
            12403.602927283127,
            14549.096337447656,
            16842.933024642753,
            15639.175638805758,
            2818.6646205364586,
            12220.297057955038,
            15669.572930253047,
            9377.48686853005,
            11364.659764544193,
            9960.64222514029,
            3502.3317037492284,
            14359.972624226239,
            10488.13838855734,
            3402.683687720268,
            4993.410605208336,
            10839.198145275155,
            14103.006240916313,
            9453.680938221796,
            15775.79652619452,
            4377.360012763742,
            8572.86408240922,
            17196.39940346174,
            15032.011767686588,
            16534.815328171102,
            11706.180800951483,
            6464.782875372394,
            385.7921790354548,
            8483.577243711075,
            9102.242830480434,
            11036.129100680182,
            10316.335147748441,
            13203.29167230531,
            11904.918558053694,
            5917.470051432067,
            2860.385818952566,
            9130.109156566288,
            12504.714496970199,
            9632.99196369063,
            14345.898682376397,
            9735.916153058668,
            9563.076316437455,
            8841.457935231965
        ],
        [
            12294.192179581843,
            12972.381852496737,
            4238.208031707649,
            6942.713098303446,
            11038.09882935023,
            3164.59316501879,
            15017.322939863698,
            6604.984147664276,
            11431.952956363339,
            7044.159851655127,
            14413.308696547152,
            9880.62225663797,
            14471.278249470159,
            14516.70265543937,
            0.0,
            18886.228421926724,
            6427.909051400654,
            8341.705069456559,
            6774.941794049023,
            3630.665674567996,
            1960.1661840218967,
            5433.541499787517,
            10648.004993029064,
            11186.435645557933,
            1575.497101255995,
            13414.044123457605,
            11685.554490145885,
            13568.709650331799,
            3768.839774915718,
            3786.635481909592,
            10874.811116050832,
            9116.402759385628,
            11811.879818610947,
            2704.3087653274865,
            16371.583410757023,
            11302.925422492213,
            6781.974434982186,
            5761.134211587778,
            12531.1997670876,
            4421.179277886232,
            4994.079120818213,
            11254.053834343673,
            14650.344181014758,
            10857.26082273373,
            6034.5011553173035,
            6334.027049734827,
            14499.848622873496,
            13990.93406490649,
            6962.2931844187,
            11448.632413044315,
            589.5796158041665,
            10389.912535095751,
            6904.9635942473105,
            13762.042612892703,
            14235.669447213706,
            6785.530338381784,
            6563.925866046708,
            6707.968364392041,
            6885.242224763256,
            1494.1276151320528,
            3104.317638565542,
            14284.912100519337,
            11676.878411250964,
            6378.459609980263,
            2348.8290952044026,
            6283.346670154995,
            8481.767112973106,
            6417.397863427608,
            11232.665391848228,
            6470.986410174059
        ],
        [
            8637.659334779068,
            19634.58982726541,
            15358.621106594699,
            24079.786023533303,
            24060.141696909417,
            21623.27739677638,
            4086.114891757377,
            13434.565691114169,
            16537.02667293899,
            11868.10573967316,
            8249.676817943224,
            10230.937233088172,
            22127.30666761735,
            17023.82144290222,
            18886.228421926724,
            0.0,
            14252.027538794075,
            10825.69653863791,
            12528.939902840542,
            22510.361698595316,
            17246.089042785832,
            23062.25375086697,
            25297.08358424329,
            18766.816133140423,
            20460.58788244403,
            22730.642451988515,
            23140.536570465247,
            20358.776843407348,
            15190.187919300623,
            22014.293579316483,
            9723.164793107386,
            10751.085415282305,
            17147.18369048492,
            16616.87833510534,
            2534.515110805707,
            23604.678851717854,
            12262.911491546844,
            14158.040599056145,
            19140.947716793944,
            22401.76317656767,
            14755.2660912407,
            17217.067147624868,
            21644.78502412527,
            24456.543611596546,
            23458.115394792178,
            13846.530623474539,
            4746.941913859493,
            20848.462394682378,
            13902.856530099625,
            9385.166338533829,
            19399.295009825655,
            10010.48557200046,
            12058.591872359155,
            22546.976475048337,
            17195.224702444182,
            14297.951534404447,
            13881.878522812738,
            12443.321860772145,
            12574.790698042923,
            17645.11874086741,
            16282.83169481893,
            22306.686853044062,
            16727.564644009046,
            14121.158192112323,
            16916.22343071368,
            13749.64830470151,
            10748.062970518973,
            13492.238823188802,
            23708.56807605404,
            14331.118110065281
        ],
        [
            10395.066342135186,
            8726.47021522498,
            2273.163391016554,
            9882.10516197459,
            10412.953516735815,
            8115.71986265188,
            11014.835242198209,
            969.7923633071866,
            6117.779449279582,
            3839.3934829664645,
            8249.974687633083,
            8361.972852223751,
            10953.246890364313,
            8956.85116932488,
            6427.909051400654,
            14252.027538794075,
            0.0,
            6236.722185583625,
            2352.735566297337,
            9680.215029693381,
            4478.790294905864,
            9015.615517335666,
            11273.939309352118,
            7028.864161303949,
            7717.987758231548,
            10631.756395653721,
            10011.155424394105,
            9491.612305021074,
            3488.0148838725704,
            8309.639699732783,
            9333.507368921904,
            7707.661657885653,
            6698.504824440239,
            3748.8216408233243,
            11945.56714161753,
            10175.796922219684,
            3063.6550524209865,
            1008.6237630701355,
            8172.363265336991,
            8534.486501466772,
            1589.7512852803118,
            6277.558545311045,
            10839.060385205767,
            10656.999081927492,
            9336.131508523766,
            632.1777863637749,
            10724.386082576211,
            10015.584169721586,
            535.4375256083642,
            9834.541712947146,
            7013.842340689158,
            8903.522080379716,
            3455.7384336266746,
            10731.551456737407,
            8764.288741938726,
            474.0353077048577,
            392.42446948721835,
            2698.126829365941,
            2092.9331355642025,
            4938.673150226333,
            3359.327650441701,
            10924.567368427046,
            6406.383177151394,
            214.43251625462173,
            4096.788057573171,
            831.1612165606097,
            6441.601870170721,
            1067.8347155243055,
            10223.783920280575,
            138.29695027393737
        ],
        [
            4321.551565941772,
            14757.08570407551,
            5854.759291803336,
            14503.546319037914,
            16420.903685115078,
            11349.234703417465,
            6803.850762379017,
            5300.52505793058,
            11823.648391551724,
            2397.3519581117594,
            9025.854719577997,
            2125.6919962302627,
            17097.52458501798,
            14164.515483146955,
            8341.705069456559,
            10825.69653863791,
            6236.722185583625,
            0.0,
            3903.3623749267927,
            11886.31398569134,
            7029.2530113671455,
            13214.629011274894,
            16966.428949912774,
            13155.991077643153,
            9901.086476659162,
            16862.46521770318,
            16191.238598292408,
            15543.67369107453,
            5020.893476787351,
            11857.561437861805,
            3118.4620257661977,
            1504.7664144035364,
            12475.956685171946,
            6579.614468713236,
            8293.061927614499,
            16277.859008380767,
            3173.586670001386,
            5467.802422360282,
            14191.254532677356,
            12369.20756434416,
            5614.569599289339,
            12166.773871628151,
            16921.728782061484,
            16569.998168063026,
            13721.132621753944,
            5606.0254568120945,
            6230.128048435753,
            16078.822766156878,
            6295.640511294763,
            3649.1046721784346,
            8794.147514749793,
            2671.981594871736,
            2781.174114146859,
            16945.326662353313,
            14079.498370543912,
            6606.947812293718,
            5887.380566230115,
            3540.590882286829,
            4203.976413368563,
            7335.684815849808,
            6360.969729272367,
            17096.208661992074,
            12111.805632038535,
            6023.781450101321,
            6787.885372858292,
            5410.9316814106305,
            205.04939584695762,
            5169.915286309803,
            16305.464467723603,
            6372.985914434228
        ],
        [
            8045.379987756286,
            10902.449056508158,
            2836.6787202329815,
            11604.329819306504,
            12709.853214894893,
            9175.00037135492,
