{
    "file_name": "taxi_data/taxi_data_10.txt",
    "method": "p_median_importance_reduced",
    "Delta": [
        [
            0.0,
            21439.802214697702,
            10575.091683685083,
            5179.555913393512,
            5630.748045274658,
            10860.370442629399,
            9282.64737093927,
            7673.099208665475,
            4176.087713632128,
            8887.548940869488,
            6362.9409622474,
            6162.570233036689,
            9529.635531122573,
            11577.489620014607,
            7104.962456057705,
            9491.168853956571,
            10148.23281043148,
            2497.6152574710754,
            5247.216801214452,
            2822.214373723674,
            14088.957145946866,
            4867.953913572338,
            12296.038409423176,
            8487.275659291821,
            20762.49218971151,
            11297.407766178067,
            7943.742074445863,
            8240.207980612156,
            6689.660792014494,
            9732.338798231183,
            6087.34974929629,
            7871.578908685933,
            7579.664246649867,
            12079.004168553369,
            9133.67285121897,
            3784.472209761306,
            5879.319783762488,
            4441.871972867624,
            843.9862218641074,
            10993.824795979383,
            9263.821447883374,
            19510.66117867011,
            10819.650480108738,
            4774.004327219722,
            4305.711328149712,
            5796.265177878248,
            3281.5071998832354,
            5187.285314246455,
            1193.5633462518483,
            6598.036244959979,
            7126.149845933653,
            9821.671474649553,
            5641.592200583402,
            8446.959952970596,
            8896.692285265097,
            21995.79331763298,
            20163.727493432365,
            5341.2426338083915,
            8354.899773179417,
            1986.429740565397,
            11316.107195312434,
            7369.983069127816,
            6683.34995167871,
            3495.1894437452697,
            11203.581858655534,
            7332.684297889417,
            6427.990303593354,
            8865.099826781256,
            1901.2574209980762,
            8946.892966724105
        ],
        [
            21439.802214697702,
            0.0,
            24263.7857901475,
            19178.703708626137,
            26643.021817059063,
            27937.797821821747,
            15712.199967549486,
            24536.28521417638,
            17362.000342862357,
            30324.521440192562,
            20947.048526808514,
            21625.032556976927,
            30285.48898042464,
            26518.054145615555,
            16259.412885097334,
            18220.44345585044,
            28534.786233917093,
            23581.261448001376,
            17762.23115467411,
            19107.988671409912,
            30667.89700016374,
            24456.900974598233,
            27018.598338651496,
            22993.293074047848,
            1323.6573429705552,
            29279.665934699227,
            29330.757962899632,
            20691.56795371241,
            28097.497199598998,
            25470.120031325765,
            18275.788071956336,
            22017.413630691648,
            15551.848831373605,
            25904.03853686853,
            17169.224148735415,
            18616.202935690493,
            20414.629551406313,
            17032.01070880069,
            22156.94095868375,
            27279.641351022005,
            23364.439979642062,
            1969.6482082343978,
            28463.333188639397,
            25596.25788137309,
            17940.040374602977,
            19277.09907087938,
            24258.97703084793,
            18548.151088449362,
            20441.008108173726,
            17137.540319747815,
            28565.877796864283,
            26966.007137672983,
            17445.88888089168,
            14299.237384181579,
            19117.920588311725,
            595.9893999244471,
            2501.9003230467574,
            19744.206472175436,
            17138.357131337012,
            19789.349116121623,
            24926.20295667667,
            25020.004641553085,
            24284.5684467016,
            18585.03953642973,
            27025.592267386302,
            21940.27700978259,
            27761.45799863059,
            30114.89994288719,
            23070.093592241526,
            16072.32765391735
        ],
        [
            10575.091683685083,
            24263.7857901475,
            0.0,
            6953.571779052113,
            13787.55063936053,
            4401.995845036313,
            8606.989739620476,
            18055.64638847018,
            12234.825826295288,
            13343.291203000339,
            4736.706068977144,
            16726.48958855129,
            10341.027751592497,
            2270.65438237161,
            8842.311294262525,
            6044.275720716182,
            19624.105054673033,
            12035.76711735971,
            14637.40972080628,
            9488.030916838992,
            6464.782875372394,
            14809.166804995293,
            22670.34778162775,
            2133.3459359557687,
            23150.255872852948,
            6013.274698815012,
            12083.522546289476,
            3805.0493417781054,
            12924.50729532112,
            2101.323646927102,
            7165.222817133046,
            18435.16657653499,
            9447.847491711476,
            1807.1894672113026,
            7115.359868995988,
            13344.30031035844,
            5441.094441510484,
            12060.50151626083,
            11024.185037363863,
            3424.26265048705,
            1361.3726848678161,
            22364.40380815698,
            5186.789567791111,
            13621.642263464933,
            9214.75736220519,
            6394.117110094782,
            12574.518831711934,
            15019.17872949275,
            10029.18156489997,
            8097.958822234811,
            12557.071466042065,
            3924.329268556785,
            8462.144456522183,
            10586.135843497887,
            5169.992703775933,
            24858.042605228915,
            22146.792385791596,
            6345.012450868483,
            7286.600184988866,
            9730.923390560662,
            816.1953317604509,
            17598.273189414504,
            17021.509359361007,
            9316.046486840647,
            2986.360331787149,
            3468.978405255838,
            13269.889832519617,
            11739.409045255734,
            11644.57021721246,
            8284.141211784103
        ],
        [
            5179.555913393512,
            19178.703708626137,
            6953.571779052113,
            0.0,
            10378.914919715868,
            9239.671580913839,
            4554.289031556186,
            12707.116453602417,
            5356.0530548788665,
            12355.23204492697,
            2259.204397152375,
            10702.596760244745,
            11321.465273124997,
            8724.74262309646,
            2969.71755350573,
            4311.617510943045,
            15323.016353914778,
            7516.980001162935,
            7867.053142488173,
            2903.029093556229,
            12357.553575542755,
            10047.07983738301,
            17270.904856293422,
            4915.082057051786,
            18258.10738416731,
            10352.681691108883,
            11141.708212000316,
            3557.47956269523,
            10720.168724946456,
            7121.127851508797,
            1095.8048201978954,
            12350.950198488403,
            3668.289037786966,
            8732.597981537272,
            4043.527989569841,
            6724.665937243561,
            1550.2110364746254,
            5138.819501785375,
            5953.567299031143,
            8862.106529559489,
            5619.7803860877975,
            17210.529035354226,
            9599.448102593225,
            9713.573969737701,
            2265.9823113534057,
            679.8139805184106,
            8274.572963604467,
            8378.898606616638,
            4133.103329041612,
            2119.082865159964,
            10834.279397196095,
            8171.898451777753,
            1787.2240135019968,
            4901.650883359518,
            3769.285615555635,
            19768.78351077043,
            17439.73650246112,
            650.1684014961427,
            3333.7554794211815,
            3490.659048080221,
            7769.703259972009,
            12487.93227026257,
            11763.60624211675,
            2509.6605754609286,
            8807.706353573278,
            3547.487063560692,
            10703.31192091609,
            11578.925262503548,
            6944.500951457191,
            4159.502435030242
        ],
        [
            5630.748045274658,
            26643.021817059063,
            13787.55063936053,
            10378.914919715868,
            0.0,
            12177.377138103671,
            14774.887433988853,
            5929.928145429264,
            9327.815286982404,
            4630.91309828267,
            10793.351635970712,
            6889.3610140154915,
            7450.689789111028,
            13922.956240573749,
            12677.543751053909,
            14559.323663522066,
            5933.976749997068,
            3170.889291222722,
            9153.634354756248,
            8439.302558885522,
            14926.68353444216,
            2938.580618840767,
            9857.31633608451,
            12047.224774045724,
            26065.6808525758,
            11837.738269100053,
            4440.716140139445,
            12694.003438055595,
            2264.875804273218,
            12224.824372831492,
            11412.573079957185,
            8057.338278246947,
            13186.779742926048,
            14815.145606830229,
            14422.114879539777,
            8067.053518132255,
            10559.449192716967,
            9699.397912901644,
            4794.624099325458,
            12771.010154633004,
            12721.274774698157,
            24758.27665935875,
            11752.233798580028,
            1080.1945156815282,
            9918.601685844942,
            10883.090857447534,
            2420.31916319836,
            8567.35137882206,
            6816.7147291875035,
            12094.772121035916,
            3112.877546100274,
            11425.672257099304,
            11186.718489643868,
            14077.606513249235,
            13785.379239712032,
            27177.436425345062,
            25546.967011319342,
            10331.079991797249,
            13700.037300778158,
            7605.8654414398125,
            14348.801989020578,
            5134.861355712165,
            5049.228930461886,
            9108.66190563951,
            13187.535901967654,
            11316.255659623366,
            1605.3503254331595,
            5748.822586785454,
            3751.1714391325804,
            14414.428344665572
        ],
        [
            10860.370442629399,
            27937.797821821747,
            4401.995845036313,
            9239.671580913839,
            12177.377138103671,
            0.0,
            12259.084041855127,
            17421.25698458603,
            13784.07908981518,
            10375.322783750573,
            7125.303146016236,
            16800.25747321481,
            6756.033442434547,
            2654.5114173570582,
            11857.16672972839,
            9966.606433265977,
            18091.15490458558,
            11429.255371651645,
            15801.077364506087,
            10918.725292310535,
            3258.2908933860303,
            13992.96301700159,
            21840.737827346304,
            4971.968464162324,
            26895.524144103616,
            1613.8928429739976,
            9254.823295533766,
            7293.993290825253,
            10695.894715105675,
            2548.9528121517524,
            9892.436708254194,
            18466.665226461515,
            12544.135051264488,
            3891.8531020020455,
            10866.660872005219,
            14359.945936614833,
            7760.9471277677585,
            13748.775167916761,
            10989.104078234868,
            1060.335131130409,
            4750.002396408054,
            25996.49342504613,
            829.012223991408,
            12358.060741543122,
            11235.386174302932,
            8920.673443972035,
            11728.594426413318,
            15942.695440809159,
            10791.034707080678,
            11001.384555234825,
            10100.605534561326,
            1092.0104778134478,
            11008.279503423393,
            13781.273949788838,
            8966.94961347519,
            28533.712869846862,
            25953.523286445263,
            8595.481547769989,
            10806.948766195388,
            10817.953437202576,
            4228.7334812268655,
            16800.930774869976,
            16385.641858244344,
            11019.034175626964,
            1621.4948435855586,
            6015.053418680748,
            11208.616116700232,
            8538.102548503692,
            11232.909343287582,
            11883.14653466963
        ],
        [
            9282.64737093927,
            15712.199967549486,
            8606.989739620476,
            4554.289031556186,
            14774.887433988853,
            12259.084041855127,
            0.0,
            16222.325856690795,
            7510.913657988925,
            16904.44910046501,
            5541.232165626411,
            13763.523522286709,
            15643.573552825877,
            10835.444592626513,
            2294.153073337451,
            2675.2290260987124,
            19299.152088285646,
            11757.779422580135,
            9971.374831718947,
            6512.561192956237,
            14960.656349879595,
            14036.575024010783,
            20564.985681335354,
            7293.787600167722,
            14643.842748128294,
            13661.384598341809,
            15682.046540337918,
            4981.75876566391,
            15257.146442135363,
            9765.542206358507,
            3459.5673009559664,
            15233.080038669135,
            2169.650569826457,
            10319.40824857192,
            1506.4633995745671,
            9368.817337791852,
            5192.767779431185,
            7094.774601275644,
            10117.303430936308,
            11570.623408357225,
            7653.419916446469,
            13790.546510825085,
            12827.171597515513,
            14019.078806177442,
            5078.985646524063,
            4272.134304867108,
            12538.384745449472,
            10748.58546053113,
            8105.946659023776,
            2687.4886887108564,
            15387.53935555809,
            11324.459812296951,
            3649.7279122583054,
            2556.1779597458526,
            3437.192943070932,
            16307.9760616479,
            13694.455754050834,
            4856.762421910056,
            1483.1483196546685,
            7327.334083327637,
            9315.559637024933,
            16167.239499055146,
            15388.418311399695,
            5854.119661689493,
            11313.974651365226,
            6332.720398654226,
            15212.847641811346,
            16066.68979157985,
            11164.168825729515,
            412.3902721049624
        ],
        [
            7673.099208665475,
            24536.28521417638,
            18055.64638847018,
            12707.116453602417,
            5929.928145429264,
            17421.25698458603,
            16222.325856690795,
            0.0,
            8957.734047268703,
            10355.228047430182,
            14034.50917839844,
            2948.3675177858877,
            13370.80284412323,
            18724.117791157463,
            13928.333053276729,
            16963.375076537155,
            4013.0132951402393,
            6076.45398640814,
            7187.931460918122,
            9920.32645708341,
            20411.294653360303,
            3434.4249869136793,
            4631.280459428352,
            16036.32018008209,
            24234.20475480289,
            17355.752406819625,
            10353.650726902906,
            15911.672216432538,
            8163.486655906916,
            16904.23361357942,
            13467.128868616212,
            2835.369675503992,
            14182.797719848371,
            19408.689311526326,
            16422.478121804656,
            7070.064370723287,
            13547.234393527227,
            9409.205815781037,
            7078.0934432083095,
            17830.35438038415,
            16797.876031863914,
            22828.286895887148,
            17132.95718200567,
            5286.003666175008,
            11207.241960564706,
            13362.216841605743,
            5694.103732859424,
            6294.250740581783,
            8584.826378449012,
            13684.217767859422,
            9019.51889394855,
            16523.83955900765,
            12679.411354541868,
            14633.208058513817,
            16474.604210064994,
            25002.252046429887,
            23968.479052177907,
            12959.12120278351,
            15603.66492174527,
            9225.988424762394,
            18747.05310610688,
            850.9865659896029,
            1043.2801980955444,
            10507.776093761848,
            18158.6907407942,
            14961.101787852162,
            7485.984208322324,
            11665.471840125138,
            6416.433069468553,
            15960.82255608671
        ],
        [
            4176.087713632128,
            17362.000342862357,
            12234.825826295288,
            5356.0530548788665,
            9327.815286982404,
            13784.07908981518,
            7510.913657988925,
            8957.734047268703,
            0.0,
            13024.871208811563,
            7499.803329216485,
            6305.714293852437,
            13606.637670772538,
            13809.504228175132,
            5268.880640821246,
            8882.914370635946,
            12453.102091833276,
            6222.879604492914,
            2582.3881627068777,
            2871.6745891183473,
            17031.63153605484,
            7515.26343765748,
            13114.399399263992,
            10131.779436858207,
            16747.07919773797,
            14555.559645463138,
            12114.858911323898,
            8897.027536807922,
            10744.648073571647,
            12064.379563920047,
            5578.298632049308,
            7725.142070676626,
            5369.045544423334,
            13973.796274705532,
            8053.822667440877,
            1901.5826405257392,
            6802.151205918271,
            451.82486960798695,
            4822.543581586884,
            13648.542849797677,
            10878.88403668791,
            15456.088249775632,
            13937.786105964291,
            8311.409441723574,
            3132.457950196238,
            5998.477859294881,
            6919.149267079351,
            3264.614391697379,
            3410.726057572027,
            5303.572780376897,
            11249.34416935111,
            12693.767260712053,
            4393.58968292443,
            5684.768024669331,
            8735.938631236302,
            17907.814897632656,
            16219.366421682545,
            5915.319899179202,
            7238.30217454718,
            3057.7275496678,
            13046.398558147555,
            9054.981503540483,
            8251.533912817044,
            2920.195355038881,
            13711.736937487573,
            8769.484167119786,
            10399.482849746195,
            13037.479483784451,
            5708.348875820385,
            7319.390819947719
        ],
        [
            8887.548940869488,
            30324.521440192562,
            13343.291203000339,
            12355.23204492697,
            4630.91309828267,
            10375.322783750573,
            16904.44910046501,
            10355.228047430182,
            13024.871208811563,
            0.0,
            11899.510694379538,
            11517.907351318067,
            3950.409240781699,
            12713.396019090136,
            15134.954433748542,
            15969.452636323684,
            9063.609394301942,
            6970.112158690495,
            13396.821305334432,
            11341.529392483842,
            12403.602927283127,
            7569.426478148227,
            13682.159556818015,
            12154.89060041514,
            29628.13041069854,
            9473.199160420283,
            1291.6113000831076,
            13559.805249465571,
            2455.159845799394,
            11382.391219752608,
            13450.900439956782,
            12664.785235675092,
            15758.871129128336,
            13833.994729460499,
            16171.89906314903,
            12139.141799665995,
            11944.537224101632,
            13319.850824046602,
            8202.603701071612,
            11249.227778469809,
            12637.010337867925,
            28390.746914963496,
            9713.07222700952,
            5619.9281912258175,
            12692.26353124357,
            12660.835845179756,
            6464.457293751164,
            12925.996449102751,
            9899.263468084064,
            14386.27580850016,
            1783.6369831123964,
            9989.895465132688,
            13654.581086687764,
            16843.245519759228,
            15024.229653055361,
            30882.060015421765,
            28996.286357100147,
            12070.619717110061,
            15592.246210819447,
            10592.36546431042,
            13678.466601740845,
            9516.625032902417,
            9574.438066992392,
            11941.964323392334,
            11774.962629113974,
            11922.617235212414,
            3042.762771830119,
            1916.9794596430606,
            7387.516548165534,
            16504.120476283933
        ],
        [
            6362.9409622474,
            20947.048526808514,
            4736.706068977144,
            2259.204397152375,
            10793.351635970712,
            7125.303146016236,
            5541.232165626411,
            14034.50917839844,
            7499.803329216485,
            11899.510694379538,
            0.0,
            12344.301128525676,
            10181.577162128055,
            6466.349702595526,
            4743.4156610550945,
            4075.3143202839037,
            16215.489625726297,
            8333.885968667895,
            9930.040575161087,
            4797.081562570216,
            10168.137818254098,
            11057.26937917065,
            18658.976992216976,
            2661.5106619730586,
            19958.658330278253,
            8356.74702126388,
            10623.811125300015,
            1924.2255494906135,
            10655.492054972894,
            4893.815574486945,
            2767.597346252883,
            14036.02015945946,
            5439.365977404342,
            6494.843646434398,
            4444.185217069257,
            8680.998552946088,
            712.1071099835726,
            7324.500235613461,
            6989.141101850408,
            6665.836666706377,
            3385.8619210061297,
            18989.785505667274,
            7562.638719863535,
            10324.021960785813,
            4494.109747852605,
            1813.3979857333466,
            9015.19234368171,
            10356.51321281553,
            5577.924941492339,
            3879.6320942998523,
            10589.31301208657,
            6089.288425976762,
            3935.854932783485,
            6687.49214997339,
            3129.488223255519,
            21541.496946113082,
            19073.758405369448,
            1624.2517306079453,
            4067.5917655293106,
            5144.220166539816,
            5550.139321537049,
            13701.606753195552,
            13036.942341969352,
            4583.500212007311,
            6578.447885843941,
            1290.565705684053,
            10781.283115391907,
            10810.963058762285,
            7828.423460111607,
            5132.4568762306335
        ],
        [
            6162.570233036689,
            21625.032556976927,
            16726.48958855129,
            10702.596760244745,
            6889.3610140154915,
            16800.25747321481,
            13763.523522286709,
            2948.3675177858877,
            6305.714293852437,
            11517.907351318067,
            12344.301128525676,
            0.0,
            13864.668526575297,
            17716.336202036586,
            11482.568708317185,
            14803.371629765978,
            6912.171466913641,
            5536.883863684827,
            4287.5087212180615,
            7807.791969170505,
            19955.265848796917,
            3953.5180197555896,
            6810.456961332574,
            14623.268180933504,
            21301.345251762123,
            17008.24862209252,
            11188.701686231665,
            14123.090793456728,
            9103.569383703749,
            15870.28282537117,
            11314.121470400656,
            1709.2774407185645,
            11653.336421184646,
            18241.233137977484,
            14134.783909118609,
            4409.729438786468,
            11769.727428039814,
            6748.08053368029,
            5843.567229023398,
            17042.11983048669,
            15402.882556358747,
            19899.483959770296,
            16648.0870436734,
            5917.987664162662,
            8913.55993345843,
            11379.715675050054,
            5544.114524522692,
            3386.748333401486,
            6767.764485056134,
            11356.666627548295,
            9913.159608620306,
            15809.171643443204,
            10367.13025611848,
            11975.979429416691,
            14440.339413643844,
            22098.709238213505,
            21024.06706484166,
            11061.801245730523,
            13308.865684003224,
            7250.782792381564,
            17474.730516707223,
            3400.0844704018396,
            2703.6848740684295,
            8308.333426311901,
            17291.97437286236,
            13417.284756680378,
            8478.085565485302,
            12452.890549184565,
            5605.276243064471,
            13539.192066387219
        ],
        [
            9529.635531122573,
            30285.48898042464,
            10341.027751592497,
            11321.465273124997,
            7450.689789111028,
            6756.033442434547,
            15643.573552825877,
            13370.80284412323,
            13606.637670772538,
            3950.409240781699,
            10181.577162128055,
            13864.668526575297,
            0.0,
            9286.616865424894,
            14284.38698561518,
            14154.848264009393,
            12769.057818137104,
            8509.3372708646,
            14674.725517494451,
            11272.34986261496,
            8483.577243711075,
            10144.202276763852,
            17180.488395788583,
            9628.18492457532,
            29446.915130843245,
            5646.8187848225225,
            3207.2210415132176,
            11484.981771407063,
            5304.719801988337,
            8258.399461442174,
            12359.859308455334,
            15272.717031384598,
            14972.874361938351,
            10482.319777871933,
            14625.757098393628,
            13253.929995756607,
            10452.428272886507,
            13790.394883938243,
            9118.178846221268,
            7728.176152917884,
            9929.32005725654,
            28318.96100029964,
            6013.058733005806,
            8139.508827164369,
            12348.238538571155,
            11421.489888219248,
            8336.211689498008,
            14424.232588357754,
            10204.427351180591,
            13440.440331911872,
            4474.282811254727,
            6603.107638264475,
            12932.01760301021,
            16177.361581100171,
            13133.159058505067,
            30865.519967647615,
            28686.687746177075,
            10864.188816958755,
            14204.73140530857,
            10702.997710854344,
            10515.040368857603,
            12584.807413431503,
            12451.542202172233,
            11735.434083363009,
            8284.651625590457,
            9800.492792027992,
            5972.904437949966,
            2041.5138781289756,
            8686.328732448472,
            15231.19959153779
        ],
        [
            11577.489620014607,
            26518.054145615555,
            2270.65438237161,
            8724.74262309646,
            13922.956240573749,
            2654.5114173570582,
            10835.444592626513,
            18724.117791157463,
            13809.504228175132,
            12713.396019090136,
            6466.349702595526,
            17716.336202036586,
            9286.616865424894,
            0.0,
            10907.489545159337,
            8304.863307309486,
            19851.067954915907,
            12647.868798319223,
            16081.316263738685,
            10970.109284445278,
            4195.555468956166,
            15358.769823059525,
            23271.374599206847,
            3841.187907993047,
            25411.486079879505,
            4203.266773687926,
            11523.491988399546,
            5932.9217134361725,
            12717.024843041247,
            1846.1196332393058,
            9109.166921213175,
            19419.1690538187,
            11543.442682011906,
            1237.4638078814978,
            9354.984677756682,
            14712.664944333015,
            7174.678226077622,
            13688.352264920783,
            11888.132409372796,
            1599.7590751222547,
            3253.817798469372,
            24612.48887076197,
            3481.96710197514,
            13933.254121634303,
            10931.20981183509,
            8244.569394726997,
            13079.090318460265,
            16366.45298024428,
            11234.172870957953,
            10118.367216279164,
            12217.686772686615,
            2725.4280413690394,
            10364.002295377604,
            12718.032537405004,
            7405.423573286222,
            27112.75653087997,
            24412.66294225274,
            8083.563990459893,
            9478.439954900296,
            11071.728531360573,
            1770.2522538672583,
            18183.859406919262,
            17680.898810808434,
            10907.34152690269,
            1033.596638356162,
            5184.774866986366,
            13158.479167505086,
            10949.17105354137,
            12343.105271762717,
            10500.418782414607
        ],
        [
            7104.962456057705,
            16259.412885097334,
            8842.311294262525,
            2969.71755350573,
            12677.543751053909,
            11857.16672972839,
            2294.153073337451,
            13928.333053276729,
            5268.880640821246,
            15134.954433748542,
            4743.4156610550945,
            11482.568708317185,
            14284.38698561518,
            10907.489545159337,
            0.0,
            3875.2091380558854,
            17036.86440035596,
            9598.988118766141,
            7783.616209767593,
            4294.8431962350905,
            14828.285654906776,
            11789.999320775645,
            18278.519527210883,
            7102.527335893476,
            15313.417925831687,
            13097.07087481395,
            13958.547088370984,
            5040.275396623491,
            13331.068577457658,
            9529.701091587198,
            2016.7669574567365,
            12972.646304908636,
            707.7338615314911,
            10642.735025355445,
            2865.490294037683,
            7100.259821822046,
            4165.991148208055,
            4869.365067441191,
            7947.279463350223,
            11336.764568754314,
            7656.503502690338,
            14294.868150014265,
            12306.00373421255,
            11872.833808296038,
            2827.046382315135,
            3018.569488218278,
            10382.82817148299,
            8527.578211406535,
            5914.739545600117,
            878.1746490684116,
            13537.64853458579,
            10830.812258168224,
            1502.974654328607,
            1960.6177342137732,
            4092.171718572541,
            16851.78401351351,
            14479.124938524179,
            3494.2972126162167,
            2105.674721933831,
            5124.968426087256,
            9629.34394707545,
            13878.456058221525,
            13097.720220660987,
            3624.68330318419,
            11186.715618443954,
            5867.481850459729,
            13229.822573141535,
            14473.127784544002,
            9002.613087934356,
            2057.895560588836
        ],
        [
            9491.168853956571,
            18220.44345585044,
            6044.275720716182,
            4311.617510943045,
            14559.323663522066,
            9966.606433265977,
            2675.2290260987124,
            16963.375076537155,
            8882.914370635946,
            15969.452636323684,
            4075.3143202839037,
            14803.371629765978,
            14154.848264009393,
            8304.863307309486,
            3875.2091380558854,
            0.0,
            19632.806068815273,
            11802.068738528356,
            11459.685848469811,
            7050.8344917156255,
            12478.882784261275,
            14358.623476169709,
            21484.43087625288,
            5030.22571345123,
            17106.896278788674,
            11456.434941848414,
            14696.586602637077,
            2761.994411312293,
            14640.52140379877,
            7424.0788241952705,
            3502.1438864877077,
            16394.806810100636,
            4207.175819498643,
            7703.087506575882,
            1191.2815743324384,
            10573.577484287578,
            4071.4460089781,
            8533.47400185525,
            10260.886957989896,
            9185.490175820625,
            5238.367425883809,
            16325.985179627876,
            10606.340172135253,
            13959.976690739411,
            5904.835462066286,
            3715.8339090989784,
            12547.729140828345,
            12127.933524849126,
            8427.943492145312,
            3589.133358959664,
            14623.450152111249,
            9117.570442954491,
            4500.106179112232,
            5047.533028402581,
            1040.5642526559502,
            18814.481710989166,
            16109.950416725438,
            4237.862135560008,
            1777.2912441308576,
            7742.783414153523,
            6712.717532678116,
            16776.377972236613,
            16040.15646534137,
            6501.464657087732,
            8873.170802841234,
            4390.904122476456,
            14714.960271803324,
            14876.870984515494,
            11238.236941217785,
            2439.998932737425
        ],
        [
            10148.23281043148,
            28534.786233917093,
            19624.105054673033,
            15323.016353914778,
            5933.976749997068,
            18091.15490458558,
            19299.152088285646,
            4013.0132951402393,
            12453.102091833276,
            9063.609394301942,
            16215.489625726297,
            6912.171466913641,
            12769.057818137104,
            19851.067954915907,
            17036.86440035596,
            19632.806068815273,
            0.0,
            7888.7729197046065,
            11015.904852862795,
            12800.068890937595,
            20748.125628866404,
            5285.761991793874,
            4817.883447335381,
            17787.421677817496,
            28211.257534452056,
            17665.369500237037,
            9561.846370195133,
            18139.581813163964,
            7572.901559989883,
            18135.243428045098,
            16229.488406195624,
            6742.223941598719,
            17392.805544492767,
            20722.171695054083,
            19270.040865407696,
            10647.638247251023,
            15855.837312264266,
            12900.261360837123,
            9372.656315873675,
            18703.142754954944,
            18496.09234948159,
            26811.04689771046,
            17635.686933965288,
            6006.105889615445,
            14220.839752338374,
            15924.179341748473,
            7202.844196932361,
            10146.645771001931,
            11261.150001093027,
            16651.92120107823,
            8338.285882486813,
            17357.460966154536,
            15659.857413850656,
            18006.16460531292,
            18995.222993266823,
            29005.082786466413,
            27918.074483656725,
            15437.416823285985,
            18479.41469551006,
            12008.950595746244,
            20218.749572832287,
            3538.6988743727234,
            4316.348257490297,
            13448.725377343568,
            19121.51212758988,
            16921.228922992508,
            6968.540408000941,
            10793.469071022255,
            8422.13114483921,
            18993.37417273362
        ],
        [
            2497.6152574710754,
            23581.261448001376,
            12035.76711735971,
            7516.980001162935,
            3170.889291222722,
            11429.255371651645,
            11757.779422580135,
            6076.45398640814,
            6222.879604492914,
            6970.112158690495,
            8333.885968667895,
            5536.883863684827,
            8509.3372708646,
            12647.868798319223,
            9598.988118766141,
            11802.068738528356,
            7888.7729197046065,
            0.0,
            6440.019602382141,
            5319.768411373524,
            14512.388103250587,
            2778.3488813902977,
            10651.911526785852,
            10071.71539121904,
            22968.05015822612,
            11518.036849803806,
            6254.30277543187,
            10256.773332626972,
            4584.2272230665885,
            10828.320742324186,
            8490.09836813546,
            7122.367056878763,
            10077.199782039645,
            13342.13837885001,
            11534.863922701214,
            5171.396341416187,
            7967.538816360232,
            6573.993452342619,
            1653.6402770655595,
            11782.892532656193,
            10815.82208355331,
            21678.771557352153,
            11207.410202169869,
            2276.4160895243945,
            6803.259978105213,
            8086.355252861141,
            784.0426877560627,
            6032.820419277841,
            3691.164389723738,
            9070.376219662247,
            5191.122343472843,
            10493.603447165391,
            8127.468739932656,
            10930.135568311867,
            11124.240066392056,
            24124.129935932935,
            22422.809255184467,
            7577.222055700234,
            10775.910041815934,
            4484.024915201348,
            12705.153500043301,
            5567.2949058533595,
            5033.361784348743,
            5992.795336607234,
            12095.38341780802,
            9099.968146335845,
            4187.174243846585,
            7382.135411396954,
            596.5542190562669,
            11413.78815934818
        ],
        [
            5247.216801214452,
            17762.23115467411,
            14637.40972080628,
            7867.053142488173,
