{
    "file_name": "taxi_data/taxi_data_4.txt",
    "method": "bqm_even_spread_REAL_annealing_reduced",
    "Delta": [
        [
            0.0,
            15544.182839026127,
            10816.723964392717,
            21120.34520994237,
            6634.277216185731,
            6681.839828168251,
            17615.901377037884,
            10792.14947407785,
            10812.882149061508,
            5270.0788268986435,
            9520.466555701783,
            4713.75668775504,
            3550.4980335658533,
            11671.786601672327,
            7353.409309372357,
            13045.329830370561,
            2418.5728787758517,
            3349.410439703504,
            8397.654578720138,
            7631.858364551215,
            13918.284924073892,
            21800.78421828117,
            18756.214740528518,
            3308.8819879577227,
            18862.087166444322,
            16957.56406178962,
            4655.654971727719,
            9947.70983571798,
            4877.049556268708,
            8270.180505780332,
            4362.960077921226,
            8990.772468880967,
            5615.1828051277635,
            1830.4214263725794,
            6296.084550050433,
            12833.89609874416,
            22652.44543947502,
            4710.039864435463,
            16191.238598292408,
            10054.050529401546,
            20381.347548475136,
            12359.18393127397,
            1616.3697904499206,
            6314.0486617011475,
            11350.656082828398,
            10662.812277320087,
            1270.4887152915546,
            10967.186491884364,
            6944.565181337528,
            3372.2087388956147,
            14376.523004283119,
            6991.476840926997,
            4047.5312558636147,
            19525.350880373477,
            16569.588114668004,
            11287.00760912435,
            5109.833385799484,
            13810.677277361556,
            8993.208471428601,
            4926.500490639331,
            7200.151748820551,
            6255.347065361791,
            11685.554490145885,
            20356.981905321125,
            10694.999704201287,
            19823.833956521335,
            2503.977739548678,
            5400.099183677039,
            489.926335425295,
            7744.862557225985
        ],
        [
            15544.182839026127,
            0.0,
            22586.011237718303,
            5608.094872689243,
            13168.457405786947,
            22225.243403906625,
            30260.75989880325,
            4984.550949427164,
            24488.2925469958,
            10669.653581545866,
            17763.48607041103,
            19859.925791716345,
            12345.234476279067,
            21015.64515714389,
            14705.804955207395,
            26422.661765237604,
            17037.210564891473,
            13101.822762928314,
            23785.509343003825,
            8192.679695832137,
            1853.2134015505792,
            6256.70755692761,
            3410.865659957882,
            18764.43274108852,
            31581.83462147089,
            1596.9843444112846,
            20191.079832310796,
            23953.451671645245,
            20244.820158253475,
            16137.192111912886,
            11585.052856402717,
            6806.218332381023,
            21157.243228578493,
            13908.698945373122,
            11809.830332740534,
            2987.4875134841504,
            7110.8083435825465,
            19165.156704265646,
            29133.90105178423,
            18412.95296865238,
            4862.7387445992135,
            25923.81372106752,
            16584.149022607126,
            9561.123601345098,
            19960.27292126205,
            23746.689867941594,
            16531.768656337932,
            22243.837780220972,
            13931.237872660162,
            17838.082559752573,
            1343.2708882848212,
            22510.310982556057,
            12515.942817619418,
            4139.463083936218,
            1170.1012330188923,
            4496.238188822705,
            10682.33934306041,
            27064.847012705908,
            17125.512944644095,
            20359.78064605795,
            8644.597485189495,
            21775.924151735184,
            21545.430935057273,
            4929.5955929491,
            23064.299342201986,
            32643.861731532408,
            13686.913054956432,
            20930.040898989915,
            15924.857127614825,
            15356.505147101985
        ],
        [
            10816.723964392717,
            22586.011237718303,
            0.0,
            27968.99170372609,
            9418.009941870909,
            9704.464144356461,
            7677.912188506793,
            17713.766608005044,
            3580.4867962661324,
            12711.73139149797,
            5413.280326215894,
            11815.591890623644,
            13711.393113891461,
            3364.3140187077047,
            7925.123482033931,
            4357.808748871868,
            12158.97107036979,
            10637.790750623155,
            12104.085102703852,
            14818.845937272878,
            20733.66565652102,
            28383.005348922114,
            25990.91016310551,
            10624.642686905589,
            8999.908857065639,
            24179.76306741125,
            9334.209243162226,
            4080.993451454578,
            11141.447845495586,
            6650.308291667812,
            14358.753662374003,
            16046.64855403534,
            9864.511773233195,
            12309.151894560287,
            10829.028927789308,
            19602.821065502216,
            29094.23551672231,
            13080.047971657825,
            6579.614468713236,
            5007.101946967406,
            26832.080638313193,
            4208.556522793149,
            11602.766834835858,
            13638.398428932735,
            4306.288243372485,
            2290.6313646821195,
            11185.01194106933,
            745.0060085190064,
            8663.06045841019,
            12606.744184327763,
            21244.785098504006,
            9180.057871972525,
            10901.148801129473,
            26695.96420240792,
            23752.67364994893,
            18165.394559944983,
            14710.698464255109,
            4786.354548094552,
            5856.667377232622,
            10846.181320514133,
            14418.319534034505,
            9114.529574935037,
            2704.3087653274865,
            27441.412449221963,
            978.5153544721126,
            10059.754063515784,
            10576.979676762292,
            10124.18234591385,
            10935.704266467226,
            7329.354663347498
        ],
        [
            21120.34520994237,
            5608.094872689243,
            27968.99170372609,
            0.0,
            18585.83172230301,
            27801.6349832104,
            35619.256294075276,
            10570.59550548162,
            30015.71099638426,
            16275.961100394423,
            22961.801819780554,
            25350.11235879459,
            17846.322120490786,
            26171.586618180434,
            20046.863550238,
            31905.881708566605,
            22522.524351337972,
            18707.335485450058,
            29295.230264587,
            13795.299878393374,
            7378.016798632773,
            951.6093680113028,
            2460.3576561677523,
            24310.890632474722,
            36936.063926094015,
            4169.835542795275,
            25773.39691981173,
            29509.268169781557,
            25767.134069695145,
            21410.29955634698,
            17064.45638176688,
            12404.060406913892,
            26726.140671474615,
            19451.80805519277,
            17297.57554230367,
            8526.085465182776,
            1799.1349597772735,
            24579.671017807563,
            34542.20603053191,
            23583.36889043994,
            1464.8041351073846,
            31429.216575877545,
            22107.19943945819,
            15166.224375824671,
            25072.47201926312,
            29233.020248724504,
            22076.26278536291,
            27584.007494744797,
            19310.93666947901,
            23287.517324050932,
            6877.327353031157,
            28099.115078139606,
            18115.00066005084,
            1723.101161833076,
            4550.932808018526,
            10075.226909173698,
            16178.77408226354,
            32529.378679623725,
            22354.65251930333,
            25894.38712716917,
            14247.860054439672,
            27363.89954704371,
            26744.468988224646,
            946.5354023354923,
            28496.34020934958,
            38001.40339610477,
            19294.835305762772,
            26490.87756035175,
            21489.909653020302,
            20666.359418712036
        ],
        [
            6634.277216185731,
            13168.457405786947,
            9418.009941870909,
            18585.83172230301,
            0.0,
            11642.00121209784,
            17094.523654688677,
            8316.173290718776,
            11535.441292830226,
            4152.415994915325,
            4995.461127305117,
            10971.661882081728,
            6944.84923558411,
            8194.68969888619,
            1696.8059489776426,
            13336.332760009818,
            9052.045208764772,
            3609.546408738253,
            13986.471310184166,
            5631.217304043415,
            11316.542002650589,
            19036.013699564563,
            16574.75257628208,
            9347.720433875635,
            18416.099530932162,
            14761.830584606787,
            9777.446744694547,
            11152.869201616184,
            10855.76999022845,
            3248.4656236309293,
            7159.706299797253,
            6723.651647309354,
            10865.948538490426,
            6637.128379076355,
            1551.3690264448355,
            10184.81121042729,
            19775.003672662602,
            11283.854810904046,
            15970.145478112734,
            5685.825383736476,
            17492.042380148378,
            12889.991750182131,
            8246.019000995648,
            4710.080043705667,
            7306.2377846230065,
            10672.177924714619,
            7860.197107529934,
            9095.013929441782,
            844.3443741403787,
            9996.211108287423,
            11827.779558480734,
            11624.941167404835,
            3186.770913611147,
            17283.49889852511,
            14334.767349828073,
            8758.044787073959,
            6995.219665375477,
            13947.03278216008,
            4305.742790235339,
            10772.111612271305,
            5294.785766933318,
            10996.089686445795,
            8611.559342570818,
            18035.888413570243,
            9911.571449692838,
            19477.151183772294,
            4324.928494434294,
            10820.659030122972,
            7103.160450624468,
            2404.491554405668
        ],
        [
            6681.839828168251,
            22225.243403906625,
            9704.464144356461,
            27801.6349832104,
            11642.00121209784,
            0.0,
            13978.835482806173,
            17436.679651308965,
            7489.255359265356,
            11784.41017596177,
            11838.595673463773,
            3356.883528468119,
            10067.268147695979,
            12273.983273370734,
            11453.233037080676,
            9460.488264797372,
            5708.655476154138,
            9499.736970391281,
            2579.899963478545,
            14232.455032344385,
            20586.134997440724,
            28481.946112879705,
            25432.15090740596,
            3608.476880186457,
            15004.6065563828,
            23637.587156360656,
            2046.5699561522729,
            6464.28618441832,
            2590.986476425382,
            11505.811098253718,
            10881.720654039307,
            15614.707870816233,
            1110.3253898354192,
            8386.293430831482,
            12007.01235262205,
            19490.46234384683,
            29332.204237310667,
            4812.751589786262,
            12475.806916006311,
            12035.537036958642,
            27057.806814823503,
            8716.115868218414,
            5859.5146776516585,
            12877.152965934918,
            12597.968395202499,
            8165.237361647048,
            5791.475621833845,
            10263.898710662997,
            11511.543639744115,
            5351.568482859602,
            21049.401061117616,
            653.8745394028043,
            10198.311942728065,
            26201.732665177446,
            23250.751212299845,
            17934.730700504977,
            11708.929092777244,
            10196.598670661086,
            11657.56526815057,
            2308.3659416194987,
            13788.614060137596,
            693.6327855589237,
            11893.394789233853,
            27034.445443215496,
            9010.591967261309,
            15777.42959774222,
            8749.912119535187,
            1422.0302560842,
            6318.046015543604,
            11449.20045770437
        ],
        [
            17615.901377037884,
            30260.75989880325,
            7677.912188506793,
            35619.256294075276,
            17094.523654688677,
            13978.835482806173,
            0.0,
            25390.673227459287,
            6878.184875065515,
            20288.279634598966,
            12775.400194647975,
            17046.924156735662,
            20872.779875601314,
            9793.709957939123,
            15575.384707733914,
            4652.8159635548,
            18339.214230018886,
            18094.483134236743,
            15570.074840427153,
            22466.53874493869,
            28407.977317769408,
            36012.79845039751,
            33663.705653278696,
            16381.36655620714,
            1322.147576064222,
            31855.24440397389,
            14654.019636445648,
            7852.046436417305,
            16260.77700023825,
            14224.836068844981,
            21589.86285876716,
            23713.27257580993,
            14671.46276363926,
            19311.204588781347,
            18503.6728527796,
            27278.923013721505,
            36708.30642063974,
            18502.54030828571,
            1504.7664144035364,
            12222.783810782692,
            34459.93752316443,
            5391.430050080885,
            17982.856876294234,
            21254.2049657931,
            10959.875239618648,
            6981.48145532041,
            17635.31344613575,
            8035.583124873917,
            16331.678979308927,
            18497.357564244325,
            28918.91756163786,
            13326.412419780268,
            18434.449399458303,
            34365.39973635745,
            31428.08511787408,
            25843.16243372737,
            22053.109321766216,
            3877.040872664858,
            13328.129289301012,
            15938.099985361145,
            22057.828227258324,
            13671.540137350075,
            9116.402759385628,
            35105.67741532446,
            7297.601814346744,
            2383.4117422339045,
            17909.302626816585,
            15017.68310524085,
            17605.217097785953,
            14953.610393124693
        ],
        [
            10792.14947407785,
            4984.550949427164,
            17713.766608005044,
            10570.59550548162,
            8316.173290718776,
            17436.679651308965,
            25390.673227459287,
            0.0,
            19514.59153645928,
            5729.912909128324,
            13106.727719403787,
            15300.048845503627,
            7892.407372896423,
            16368.863139970474,
            9924.98110422638,
            21470.867719305857,
            12522.370769895848,
            8151.987603406721,
            19153.848979305243,
            3240.8894388026392,
            3199.9559226490733,
            11156.799620507478,
            8379.726135074472,
            14076.563331943533,
            26712.81573519281,
            6542.669853617835,
            15391.502563736742,
            18970.48970192523,
            15606.957569732142,
            11416.793405786868,
            7229.270495883363,
            1842.6615781763765,
            16394.255750286306,
            9286.44136972348,
            6889.64241081955,
            2066.7361925342043,
            11975.63638924514,
            14777.25867299964,
            24228.744533029556,
            13778.926549229735,
            9678.054420394368,
            20959.980027732927,
            11979.972842698817,
            4616.813732738408,
            15370.782444998267,
            18795.333669380525,
            11869.257194430527,
            17409.976450067254,
            9114.542355958722,
            13394.665713472512,
            3694.2513398270307,
            17682.197170837415,
            7546.770156431003,
            9120.207102543522,
            6121.078427571509,
            500.79922043546907,
            6316.751898271552,
            22123.960928685487,
            12442.348952147611,
            15691.153925496872,
            3693.864034276954,
            16952.531663359532,
            16850.25886932243,
            9914.129655026813,
            18151.547299583952,
            27770.78192846913,
            8777.230196263792,
            16190.414761363876,
            11206.580105781648,
            10603.785687970683
        ],
        [
            10812.882149061508,
            24488.2925469958,
            3580.4867962661324,
            30015.71099638426,
            11535.441292830226,
            7489.255359265356,
            6878.184875065515,
            19514.59153645928,
            0.0,
            14049.29658284895,
            8525.406920508669,
            10306.33447933338,
            14176.928040243278,
            6941.837427680473,
            10331.31453498082,
            2240.5522790508276,
            11461.931072251944,
            11706.554700237752,
            9535.347473798367,
            16400.512646582192,
            22660.1628505165,
            30512.90211752811,
            27892.71706800144,
            9528.40010687534,
            8079.884192904483,
            26056.871945941497,
            7851.4718846809055,
            1031.7123391249188,
            9537.42326915025,
            9370.24813686934,
            14927.790501710428,
            17735.42372701268,
            8006.178873867534,
            12557.38108191679,
            12724.543369902425,
            21511.44116670844,
            31272.66706845515,
            11732.87126925383,
            5410.9316814106305,
            8267.809794086517,
            28978.903905073148,
            1548.8609806025665,
            11108.796217417355,
            15095.465894208459,
            7830.806965068321,
            1289.973970515273,
            10767.839193556905,
            4325.491054334055,
            10915.88540157228,
            11642.184172867092,
            23168.634709439713,
            6864.882037243604,
            12154.679079923602,
            28627.75427848265,
            25634.37775518947,
            19995.50942213558,
            15468.992859139515,
            3014.414421218697,
            8809.884154163416,
            9216.287247745508,
            15964.60379985652,
            7059.801184964541,
            6283.346670154995,
            29409.85133038711,
            2601.9752637923075,
            9018.65538458281,
            11388.698535315998,
            8334.105707519715,
            10770.500747727061,
            9872.811770653647
        ],
        [
            5270.0788268986435,
            10669.653581545866,
            12711.73139149797,
            16275.961100394423,
            4152.415994915325,
            11784.41017596177,
            20288.279634598966,
            5729.912909128324,
            14049.29658284895,
            0.0,
            9031.964574403626,
            9955.179096814862,
            3484.1261911012302,
            12104.569722498307,
            5784.413880338885,
            16110.89243388762,
            7347.0777833393895,
            2432.9105456464285,
            13657.448115731875,
            2489.0252946445057,
            8926.386529748996,
            16882.720547953206,
            14016.594744872256,
            8574.789960368347,
            21602.63552632441,
            12181.204165731,
            9739.024666651849,
            13422.77050434593,
            10146.988400600367,
            7303.9395742946335,
            3366.3832469252925,
            3887.311657682867,
            10773.271189777099,
            4136.670922421973,
            2722.050956388667,
            7796.435861993589,
            17705.110453705714,
            9710.782019492655,
            19025.543180937624,
            9716.391758766455,
            15407.967320700835,
            15544.654708207332,
            6672.85849747557,
            1113.0993326859264,
            11321.034300909647,
            13460.643673531127,
            6464.673088894191,
            12546.170033221757,
            4957.50880819647,
            8298.953202261291,
            9413.739319300501,
            11995.15138669219,
            1895.4993029863551,
            14772.792611395977,
            11770.189592223542,
            6230.519620185321,
            2956.439878050416,
            16806.134930369804,
            8345.637911330365,
            10189.306038552115,
            2036.1693177972024,
            11271.391244514247,
            12427.769603835433,
            15584.223689561744,
            12991.036514532143,
            22640.923782309415,
            3056.69119313005,
            10596.585163478976,
            5729.361001323912,
            6475.14286631311
        ],
        [
            9520.466555701783,
            17763.48607041103,
            5413.280326215894,
            22961.801819780554,
            4995.461127305117,
            11838.595673463773,
            12775.400194647975,
            13106.727719403787,
            8525.406920508669,
            9031.964574403626,
            0.0,
            12571.923019497934,
            11215.118450040123,
            3263.1159739866407,
            3298.7480305279014,
            9752.463086508289,
            11652.201389103184,
            7692.516506766269,
            14416.233706901408,
            10614.239277223196,
            15919.311946547843,
            23308.47335604029,
            21124.77505504062,
            10996.220834825192,
            14073.50757127888,
            19358.090815035324,
            10541.614234517729,
            8570.176998019564,
            12149.251251690715,
            1747.188066625373,
            11632.55965807766,
            11637.413300843802,
            11473.007277464501,
            10343.241688026128,
            6546.826296677895,
            14829.399491667067,
            23980.03963510627,
            13406.90982269478,
            11857.561437861805,
            690.3875005268468,
            21755.08648742338,
            9518.357166498266,
            10890.225171158872,
            9692.973472088659,
            2310.836749001061,
            7348.969770908599,
            10438.308824091886,
            4848.9104494466965,
            4151.235736905503,
            12428.452586359665,
            16423.70542795191,
            11549.655654672797,
            7610.255236451303,
            21795.99393280139,
            18932.515152323816,
            13511.806051136804,
            11669.23370281817,
            10199.236740051541,
            690.3875005268468,
            11943.916834016707,
            10288.050886846204,
            11146.58465514802,
            3786.635481909592,
            22503.011000588147,
            6212.653794460973,
            15138.39136168021,
            8056.360475406005,
            11585.903276640007,
            9859.996248072444,
            2591.1201426841926
        ],
        [
            4713.75668775504,
            19859.925791716345,
            11815.591890623644,
            25350.11235879459,
            10971.661882081728,
            3356.883528468119,
            17046.924156735662,
            15300.048845503627,
            10306.33447933338,
            9955.179096814862,
            12571.923019497934,
            0.0,
            7514.869545508302,
            13797.80399410178,
            11281.090313280278,
            12432.118627189051,
            2827.6074886994916,
            8021.847856308745,
            3960.222885805555,
            12235.020970415731,
            18336.88885022234,
            26085.27076182004,
            22930.884055583876,
            1642.4631322414325,
            18136.51595089112,
            21183.8460224412,
            2504.691032887998,
            9280.570290223654,
            794.3815123219387,
            11779.059822734358,
            8286.36906708683,
            13550.979732154827,
            2415.4095370759937,
            6013.733102442589,
            10897.116159441466,
            17297.166810909992,
            26955.75655839205,
            1476.4631314559897,
            15543.67369107453,
            12935.107235451991,
            24722.484809853453,
            11683.162941298808,
            3323.3103098514302,
            10963.294419989934,
            13853.69687294536,
            10724.615716618602,
            3490.561583299103,
            12239.809882293079,
            11088.669445666066,
            2161.6114503019785,
            18769.225517898594,
            3967.517123347081,
            8732.32793864975,
            23700.10504615225,
            20817.882335807768,
            15783.913423263433,
            9179.90408848382,
            13195.152830747638,
            12217.466209752134,
            1113.945845516117,
            11819.85785153523,
            3439.445175328702,
            13568.709650331799,
            24537.756367349462,
            11308.911064885117,
            18957.222320860426,
            7182.326692382203,
            2057.4910068076238,
            4236.940324827609,
            11483.011884414938
        ],
        [
            3550.4980335658533,
            12345.234476279067,
            13711.393113891461,
            17846.322120490786,
            6944.84923558411,
            10067.268147695979,
            20872.779875601314,
            7892.407372896423,
            14176.928040243278,
            3484.1261911012302,
            11215.118450040123,
            7514.869545508302,
            0.0,
            13920.409429713167,
            8297.174198587873,
            16384.356753201617,
            4692.71277361005,
            3531.093841390037,
            11449.87217820169,
            5086.438850885356,
            10845.494135885805,
            18572.969431922644,
            15438.982122204077,
            6498.967836239795,
            22146.726428292393,
            13677.432289421826,
            8099.10030696375,
            13364.477824773436,
            7922.348866407348,
            9632.954263106943,
            818.8970888343124,
            6251.163491666751,
            8966.94961347519,
            1723.4373075481649,
            5853.946751005662,
            9833.921217813875,
            19441.983385986085,
            6889.452923983942,
            19487.856922045623,
            11852.252556469224,
            17207.904269283346,
            15725.149452963851,
            4267.011085739513,
            4092.171718572541,
            13354.80588766701,
            13891.366873310184,
            4277.381147875569,
            13732.154613967845,
            7597.051286125149,
            5520.699215133353,
            11267.630431649297,
            10440.598537545502,
            3769.285615555635,
            16209.042880569326,
            13307.496130966625,
            8359.517787895302,
            1667.5618341121003,
            17136.373269301148,
            10575.707181507109,
            8058.161268458576,
            4748.788510402026,
            9708.54983667249,
            14085.729368832683,
            17045.77269637697,
            13745.560630152964,
            23135.47684045755,
            3229.290434357209,
            8704.506567907933,
            3803.1529469675274,
            8896.692285265097
        ],
        [
            11671.786601672327,
            21015.64515714389,
            3364.3140187077047,
            26171.586618180434,
            8194.68969888619,
            12273.983273370734,
            9793.709957939123,
            16368.863139970474,
            6941.837427680473,
            12104.569722498307,
            3263.1159739866407,
            13797.80399410178,
            13920.409429713167,
            0.0,
            6506.920759741806,
            7504.4960180978305,
            13495.456084487183,
            10486.576542408184,
            14801.060402044433,
            13825.886379477974,
            19174.1280148237,
            26494.969482557735,
            24367.863314236776,
            12378.98561254004,
            11056.873732867303,
            22608.9081255247,
            11461.528641367724,
            7365.204393997569,
            13229.148129463354,
            4969.9419752697995,
            14430.690990559024,
            14882.956544076565,
            12200.913866198423,
            12815.771954541637,
            9739.140169873528,
            18088.53989942745,
            27148.920471245037,
            14876.682013220774,
            9050.189352529153,
            2602.749933583003,
            24942.996266749356,
            7484.18536248487,
            12811.147077273241,
            12843.627971209276,
            1166.4098830736864,
            5652.105367774288,
            12361.663303787229,
            2621.07783318208,
            7353.756257214367,
            14130.605515526078,
            19677.33205695132,
            11837.094190355185,
            10529.74950418775,
            25032.62091821022,
            22183.88074707334,
            16774.885529484814,
            14578.25045418182,
            7771.910693810776,
            3928.7269619330295,
            12969.26239974845,
            13483.852563767687,
            11621.256743250107,
            727.9156537183577,
            25731.05413162845,
            4341.4266616432315,
            12111.901571118327,
            10693.115963438697,
            12399.772841503553,
            11920.304675254098,
            5804.699505634766
        ],
        [
            7353.409309372357,
            14705.804955207395,
            7925.123482033931,
            20046.863550238,
            1696.8059489776426,
            11453.233037080676,
            15575.384707733914,
            9924.98110422638,
            10331.31453498082,
            5784.413880338885,
            3298.7480305279014,
            11281.090313280278,
            8297.174198587873,
            6506.920759741806,
            0.0,
            11997.028189355959,
            9714.956669486342,
            4798.074122774807,
            13920.082458479692,
            7322.924038857111,
            12852.894856533569,
            20458.161789529226,
            18100.01965858417,
            9638.752959585918,
            16893.93461252571,
            16302.512312175118,
            9746.525298759232,
            10062.424510843142,
            11047.399399027334,
            1551.6672264686006,
            8608.023393310297,
            8384.571979591345,
            10805.847418653808,
            7724.808586653153,
            3248.1254629989826,
            11735.642104980656,
            21172.77626271562,
            11799.049638049537,
            14503.546319037914,
            3989.130050353939,
            18907.570187256384,
            11604.329819306504,
            8908.456892015225,
            6399.296065869644,
            5609.468278261232,
            9368.59810988436,
            8484.802145729156,
            7544.088924220968,
            852.5004608690266,
            10610.258419036232,
            13362.573260216514,
            11341.225537848084,
            4551.557601501968,
            18795.198894721503,
            15875.337019184217,
            10351.844207462324,
            8536.72467236779,
            12568.220549734888,
            2608.942158003353,
            10916.594974871323,
            6990.898998267322,
            10776.732203500134,
            6942.713098303446,
            19531.140173676366,
            8499.167417981751,
            17958.42548891952,
            5356.456982559161,
            10816.763478137716,
            7781.192902722776,
            707.6861671005888
        ],
        [
            13045.329830370561,
            26422.661765237604,
            4357.808748871868,
            31905.881708566605,
            13336.332760009818,
            9460.488264797372,
            4652.8159635548,
            21470.867719305857,
            2240.5522790508276,
            16110.89243388762,
            9752.463086508289,
            12432.118627189051,
            16384.356753201617,
            7504.4960180978305,
            11997.028189355959,
            0.0,
            13689.840433083036,
            13811.329564443902,
            11280.44089943154,
            18411.05827390839,
            24582.368092688157,
            32370.748380035497,
            29832.851583000178,
            11729.75366236142,
            5840.064007454397,
            28002.625628877984,
            10014.425108821762,
            3199.2310548078017,
            11651.667348260073,
            10864.922377764187,
            17126.43076270375,
            19720.451844605588,
            10082.096195076201,
            14779.04190865884,
            14616.758991146407,
            23437.19570006472,
            33111.20824991192,
            13877.846955071085,
            3173.586670001386,
            9364.575706852893,
            30827.940221729077,
            749.3896153304645,
            13346.862497543252,
            17133.19488320293,
            8567.432452404255,
            2676.025789649735,
            13007.845519028948,
            5011.18213367484,
            12655.66654412651,
            13845.64479693822,
            25092.86827923578,
            8815.768871445873,
            14223.460201088586,
            30558.44914871067,
            27577.858793336665,
            21943.69232752196,
            17645.44336326657,
            776.6517118551385,
            10155.02630770771,
            11329.058251316312,
            17982.94584690321,
            9100.121031576851,
            6781.974434982186,
            31328.46934858239,
            3554.838483755356,
            6780.198180856433,
            13537.68382676443,
            10421.915489388242,
            13008.895154433005,
            11467.170839582128
        ],
        [
            2418.5728787758517,
            17037.210564891473,
            12158.97107036979,
            22522.524351337972,
            9052.045208764772,
            5708.655476154138,
            18339.214230018886,
            12522.370769895848,
            11461.931072251944,
            7347.0777833393895,
            11652.201389103184,
            2827.6074886994916,
            4692.71277361005,
            13495.456084487183,
            9714.956669486342,
            13689.840433083036,
            0.0,
            5709.604133155364,
            6781.085004881496,
            9518.401427715893,
            15529.408344374697,
            23258.81887743127,
            20103.643398534456,
            2158.7635951245065,
            19520.677195871613,
            18356.433890717235,
            4004.00086906472,
            10494.8933115109,
            3308.660844483253,
            10531.512458442674,
            5459.198123273977,
            10801.821405796632,
            4605.649047929051,
            3266.699340804083,
            8678.110924762905,
            14501.357793910734,
            24130.03425276507,
            2369.9885299570037,
            16862.46521770318,
            12134.354711716578,
            21899.94872897469,
            12960.847878987537,
            809.344703214919,
            8295.831274833214,
            13312.150280244501,
            11577.247223590508,
            1234.5090816546312,
            12430.993690796242,
            9344.062010743659,
            971.9378619281529,
            15956.654106842392,
            6199.137282147368,
            6383.394246245118,
            20872.948432989408,
            17991.026898121938,
            13001.18548209968,
            6355.2470101885665,
            14466.491654990881,
            11175.268847278036,
            3496.8955833850946,
            9118.34631568831,
            5513.9413063781085,
            13414.044123457605,
            21710.556913580185,
            11863.451460355,
            20421.00905702315,
            4872.3495616405235,
            4288.05932259462,
            1951.5189605996916,
            10064.241958805667
        ],
        [
            3349.410439703504,
            13101.822762928314,
            10637.790750623155,
            18707.335485450058,
            3609.546408738253,
            9499.736970391281,
            18094.483134236743,
            8151.987603406721,
            11706.554700237752,
            2432.9105456464285,
            7692.516506766269,
            8021.847856308745,
            3531.093841390037,
            10486.576542408184,
            4798.074122774807,
            13811.329564443902,
            5709.604133155364,
            0.0,
            11519.802520007881,
            4914.001799291842,
            11351.243611303802,
            19308.42721328161,
            16448.783209875193,
            6511.045253098836,
            19399.48202751792,
            14613.791658291308,
            7468.912254941088,
            11042.639864158502,
            8092.529940018843,
            6102.398847928345,
            3954.1984493958453,
            6310.187079336949,
            8533.205310259531,
            3028.909679983623,
            2971.760924774269,
            10216.636791740237,
            20126.792861108785,
            8047.802011771584,
            16789.172429062208,
            8337.426936988373,
            17827.5604596117,
            13220.452462636591,
            4935.892629312521,
            3541.1231767618697,
            9863.368644821103,
            11188.892205641567,
            4619.511718826745,
            10557.15400094634,
            4153.030143635571,
            6679.934553509466,
            11841.227208397482,
            9665.371239328344,
            715.3615720792677,
            17205.42805873168,
            14203.033842062243,
            8651.866272117008,
            4120.6885771628085,
            14524.135807493703,
            7047.590918680953,
            8089.870187759132,
            4460.913532331992,
            8952.620866107465,
            10705.026288024794,
            18017.12782160753,
            10820.991612219872,
            20424.786112557944,
            845.468413961813,
            8389.883538651553,
            3839.294502069279,
            5375.594842654733
        ],
        [
            8397.654578720138,
            23785.509343003825,
            12104.085102703852,
            29295.230264587,
