{
    "file_name": "taxi_data/taxi_data_8.txt",
    "method": "p_median_importance_reduced",
    "Delta": [
        [
            0.0,
            16885.921642784215,
            32542.526549994767,
            11036.372502929173,
            3903.3623749267927,
            12166.773871628151,
            23030.693737575228,
            15970.145478112734,
            20480.913423456226,
            7791.398121784078,
            6364.265064786978,
            35345.38836828323,
            29133.90105178423,
            13214.629011274894,
            16191.238598292408,
            18036.197546192016,
            6077.896761546204,
            14128.8638391405,
            12486.104023495269,
            17177.201840161048,
            19025.543180937624,
            14840.207698799977,
            25544.894376286065,
            2125.6919962302627,
            11857.561437861805,
            19350.451783038323,
            9220.776477627493,
            20209.98956613413,
            14503.546319037914,
            16534.36772164625,
            13155.991077643153,
            20297.465893310964,
            34473.329917288094,
            27300.166821347553,
            2397.3519581117594,
            5300.52505793058,
            16924.48170186253,
            5020.893476787351,
            9901.086476659162,
            7029.2530113671455,
            5467.802422360282,
            18245.102074786693,
            30297.946501466755,
            11823.648391551724,
            15231.512946488157,
            17814.463256913292,
            13907.939445492191,
            35902.92895101316,
            31989.804888140523,
            13166.890065387255,
            23891.455024092153,
            12177.760257570995,
            3173.586670001386,
            19487.856922045623,
            1504.7664144035364,
            17659.7615495391,
            17085.93762456652,
            12369.20756434416,
            8794.147514749793,
            22435.142582183937,
            10290.717291234125,
            17156.390231592726,
            11349.234703417465,
            17395.463551331126,
            33253.47785067032,
            6579.614468713236,
            24957.111772049488,
            5887.380566230115,
            5614.569599289339,
            16336.856757590738
        ],
        [
            16885.921642784215,
            0.0,
            16258.96113650002,
            8671.241049942304,
            13344.69994369848,
            9204.478524587294,
            6644.098084474708,
            3398.2856670670053,
            4289.415317739453,
            10562.826083476084,
            11060.801837870009,
            19581.90865128949,
            12903.340511745057,
            5989.063913164844,
            3626.9197648448335,
            2660.236417386844,
            10896.400012793374,
            11912.280005802251,
            9684.827482087,
            6251.998849732171,
            2246.057328627276,
            6684.1468395298825,
            9363.439878482499,
            18928.22700496737,
            7605.64070791678,
            5304.682574435142,
            10303.248801033831,
            4433.357946716421,
            4647.632169769819,
            1424.545740608489,
            7729.030517114747,
            3487.77461869934,
            18344.020556980144,
            11167.473150694126,
            14634.134893501796,
            12085.18772875955,
            2828.071461536793,
            12123.554380729804,
            10102.80853153705,
            10589.282318259855,
            11593.974107680271,
            1380.1437960378187,
            14010.206814465968,
            9914.81817634057,
            3974.9150766652806,
            5789.411428373873,
            5244.062803946778,
            20172.750072678933,
            15651.411560840512,
            8796.101658057058,
            7575.747008579732,
            10081.463392369948,
            13926.955241268937,
            3653.014230517532,
            18179.827064759324,
            2663.2004250454884,
            7018.134370771509,
            6952.28423688405,
            10768.807922491653,
            6006.528721213021,
            9675.96935558518,
            444.0094618013934,
            8258.40300207423,
            579.8767199319137,
            17013.808788474653,
            10689.069804590292,
            8735.07265120828,
            11536.72965899142,
            11294.174103113355,
            3153.352009480578
        ],
        [
            32542.526549994767,
            16258.96113650002,
            0.0,
            22174.051354133804,
            29331.954714168358,
            25008.57609102453,
            9648.354654591813,
            16574.75257628208,
            14503.05734136864,
            25162.256639247254,
            27195.884546101053,
            3923.1838691547664,
            3410.865659957882,
            19517.006814300028,
            18756.214740528518,
            14556.323468182201,
            26474.155931256104,
            26991.572009262967,
            21715.4511753398,
            15951.50648839467,
            14016.594744872256,
            21857.913838473738,
            7011.966079575409,
            34437.0547791376,
            21124.77505504062,
            13319.592998178668,
            24184.422591096136,
            12353.954256672721,
            18100.01965858417,
            17182.450591576722,
            23411.85601962579,
            13552.895931383611,
            2164.577603297036,
            5242.406882926737,
            30475.67749604273,
            28169.653298329496,
            15624.987854359195,
            27542.545104315803,
            23660.102385965056,
            25641.922516139563,
            27581.270150615677,
            14908.991045535595,
            2258.6480884560538,
            25744.513376653445,
            17332.249550600063,
            15128.171464927353,
            18744.447224128373,
            4483.795396579463,
            648.7038545843482,
            24350.100554333152,
            8736.1889748838,
            22177.708113472592,
            29832.851583000178,
            15438.982122204077,
            33663.705653278696,
            14913.027267779524,
            16366.393183319373,
            20494.76391509994,
            24701.193654168823,
            10278.518355603695,
            23178.552679607634,
            15880.767427554505,
            21766.80402109525,
            15899.321038231605,
            770.2136844035982,
            25990.91016310551,
            7617.279744966562,
            27653.29680994531,
            27156.844823896663,
            16205.669915106633
        ],
        [
            11036.372502929173,
            8671.241049942304,
            22174.051354133804,
            0.0,
            8975.616941469014,
            11489.46161869721,
            13184.456352398265,
            6120.599689144645,
            12959.825572181866,
            3244.978053094182,
            8051.307710202649,
            24642.798820966727,
            18824.766270408563,
            2872.322628951684,
            10397.099232538567,
            8439.520591681494,
            5666.541650990062,
            14860.730888026825,
            2104.0359186777864,
            6307.033965155723,
            10147.314737029144,
            11525.216122958318,
            15360.185364227109,
            12647.62585218494,
            1125.1506143707913,
            8874.04945498654,
            2010.8772886782401,
            10296.25820785369,
            4423.8984085509055,
            9229.798240307146,
            11028.216989940634,
            11971.770599143654,
            23963.246345940523,
            16995.839508791236,
            9519.380188133175,
            8468.141270506143,
            7211.400756129956,
            6199.964272544165,
            1535.8339511752174,
            4135.533196599706,
            7621.333662897959,
            9683.19357814402,
            19992.567041494964,
            11832.943291953303,
            5276.384561701963,
            7065.239795290009,
            3716.268580070667,
            25179.40421133403,
            21676.223307016513,
            11903.58720303086,
            13915.531797233849,
            2164.7776043606796,
            9135.113490412377,
            12254.953868684048,
            11879.609487689742,
            8021.796287866878,
            6100.494481940618,
            1815.2646471570274,
            2527.154298331909,
            12681.911661815748,
            1058.2201149528094,
            8693.982305630987,
            434.7748929020329,
            9247.64245428116,
            22838.010870962655,
            4781.271536765537,
            14836.217132958292,
            8259.827942919159,
            6890.554133686264,
            6538.325724489342
        ],
        [
            3903.3623749267927,
            13344.69994369848,
            29331.954714168358,
            8975.616941469014,
            0.0,
            8351.641825065617,
            19718.33602374583,
            12889.991750182131,
            16734.88665867476,
            6003.939472421842,
            2474.5637481651593,
            32326.840518746078,
            25923.81372106752,
            10536.143674217312,
            12359.18393127397,
            14777.135062647201,
            3314.8207986412817,
            10615.774141437978,
            10831.692877591251,
            14570.752162926847,
            15544.654708207332,
            10938.136271560717,
            22321.056028931132,
            6024.121415621031,
            9518.357166498266,
            16395.237071609954,
            7609.276471808329,
            16984.924644831328,
            11604.329819306504,
            12857.22009292564,
            9268.434215433257,
            16674.008720563408,
            31327.404541148986,
            24107.848793667097,
            1516.288996879446,
            1399.317501600993,
            13749.315917554495,
            3055.432709117798,
            8283.61672716007,
            4910.735499060873,
            1756.1474943514643,
            14721.599289644295,
            27074.87995537624,
            8072.569580786154,
            12233.990927593994,
            15081.620432435353,
            11101.572959973948,
            32898.23458236894,
            28756.239377858277,
            9332.82182984096,
            20609.913305035225,
            10646.94053846109,
            749.3896153304645,
            15725.149452963851,
            5391.430050080885,
            14428.371601417237,
            14632.415006645908,
            9879.674758104644,
            7349.188588788693,
            19103.348012271777,
            8536.83808639717,
            13652.500691614265,
            9175.00037135492,
            13822.30626618016,
            30062.25246325263,
            4208.556522793149,
            21715.0231481553,
            1989.7843944305002,
            2236.8233306605334,
            13219.217556830918
        ],
        [
            12166.773871628151,
            9204.478524587294,
            25008.57609102453,
            11489.46161869721,
            8351.641825065617,
            0.0,
            15655.234094283445,
            10996.089686445795,
            10726.16992119574,
            10552.264401646858,
            6138.21818101995,
            28546.24104226365,
            21775.924151735184,
            10814.582167283295,
            6255.347065361791,
            11686.191331897387,
            8450.797723649755,
            3382.3150716782534,
            13532.261940146202,
            13867.94320628818,
            11271.391244514247,
            3378.1622904412447,
            18371.69117698568,
            14231.238461787914,
            11146.58465514802,
            14175.853014301609,
            11610.842711390029,
            13636.494832230042,
            10776.732203500134,
            7986.883993936892,
            1609.5555372179927,
            11456.31063196399,
            27151.544655342004,
            20143.05708412348,
            9850.141729472965,
            7038.448636727832,
            11247.154584102718,
            9527.55086511159,
            11977.342917351965,
            9655.83595372181,
            7272.53768994785,
            10376.53268283503,
            22814.506630546715,
            736.1334363417922,
            10848.690389140209,
            13870.684806845746,
            10764.315597995732,
            29141.635905420673,
            24374.390318261463,
            1024.1020076329644,
            16583.985448524898,
            13652.49690214191,
            9100.121031576851,
            9708.54983667249,
            13671.540137350075,
            11531.324699451356,
            14370.269422680893,
            10963.966782397421,
            11747.673910062305,
            15025.192870074014,
            11868.84446217155,
            9643.728611715078,
            11347.356404637925,
            9386.129368563988,
            25777.312092774555,
            9114.529574935037,
            17745.688285276436,
            6519.492443265705,
            7660.1854557695315,
            11086.884055185768
        ],
        [
            23030.693737575228,
            6644.098084474708,
            9648.354654591813,
            13184.456352398265,
            19718.33602374583,
            15655.234094283445,
            0.0,
            7191.995260456305,
            6066.456897634432,
            15916.269037440961,
            17552.32281166832,
            12945.710794165874,
            6267.6658094501345,
            10358.321583405008,
            9510.8105281654,
            4998.112158925267,
            16953.101349431803,
            18003.757465015788,
            13224.025563781857,
            7552.828920052554,
            4426.81215284953,
            12723.693404519789,
            2726.9947934008837,
            24981.679149873034,
            12074.002303591786,
            4619.730253804562,
            15149.82626718861,
            2897.5733192975144,
            8839.222560359887,
            7685.86368900146,
            14097.849478798564,
            4532.156234432708,
            11709.835078882912,
            4525.322868884575,
            20901.8015512221,
            18534.51280415598,
            6155.154676406676,
            18075.27241355644,
            14717.92737048898,
            16263.204075099044,
            17963.92823056477,
            5330.30855736082,
            7391.380305684865,
            16384.174305540677,
            8010.436458373115,
            6634.611996372414,
            9531.15884670164,
            13538.055176055446,
            9055.535538865517,
            15105.538565995592,
            933.9737082529837,
            13693.29257992243,
            20240.102894063817,
            6708.142876852757,
            24213.523179098505,
            5385.270117763646,
            8228.219209647974,
            11398.922386515484,
            15665.595302670587,
            637.8954506162748,
            14235.378362483634,
            6250.817817904992,
            12754.662956809578,
            6331.890190672638,
            10394.944338831454,
            16542.924904089807,
            2098.0033159513428,
            18012.547364575406,
            17566.362009035005,
            6790.93377430586
        ],
        [
            15970.145478112734,
            3398.2856670670053,
            16574.75257628208,
            6120.599689144645,
            12889.991750182131,
            10996.089686445795,
            7191.995260456305,
            0.0,
            7396.016976128944,
            8724.60069944628,
            10962.604100163673,
            19443.771381813684,
            13168.457405786947,
            3248.4656236309293,
            6634.277216185731,
            2318.9483144972005,
            9911.571449692838,
            14109.657913908404,
            6647.812828477523,
            3047.769826334879,
            4152.415994915325,
            9232.380883292417,
            9591.24685225768,
            17866.890752467003,
            4995.461127305117,
            3546.2093716480117,
            8023.163867122349,
            4302.279757049733,
            1696.8059489776426,
            4606.094408480196,
            9777.446744694547,
            6092.742566940406,
            18507.44071512204,
            11332.588924336023,
            13947.03278216008,
            11839.379124031531,
            1090.8787268602523,
            10968.038902184406,
            7651.242086991365,
            9095.013929441782,
            11168.199837405577,
            3901.6409713942303,
            14334.767349828073,
            11624.941167404835,
            844.3443741403787,
            2881.7565444077964,
            2404.491554405668,
            20012.57478092182,
            16027.963076771697,
            10865.948538490426,
            7996.277110937943,
            7085.21806718788,
            13336.332760009818,
            6944.84923558411,
            17094.523654688677,
            1901.2240756621297,
            3737.9323313759905,
            4305.742790235339,
            8532.873263159376,
            6646.139824168552,
            7178.454142870966,
            3186.770913611147,
            5685.825383736476,
            3861.9694542081097,
            17283.49889852511,
            9418.009941870909,
            9016.81628790378,
            11378.164594643951,
            10672.177924714619,
            417.7283387436958
        ],
        [
            20480.913423456226,
            4289.415317739453,
            14503.05734136864,
            12959.825572181866,
            16734.88665867476,
            10726.16992119574,
            6066.456897634432,
            7396.016976128944,
            0.0,
            14714.960271803324,
            14308.03478827568,
            18220.44345585044,
            11466.046673012164,
            10260.886957989896,
            4590.601521968578,
            5609.771900659266,
            14696.586602637077,
            12489.568538620391,
            13927.468119599096,
            9760.43728204683,
            3546.5907226305794,
            7436.10254797844,
            8465.424259534937,
            22578.14574237233,
            11894.484355331902,
            7729.812735001984,
            14559.323663522066,
            5782.412512066416,
            8857.877842278196,
            4026.039020940563,
            9117.570442954491,
            1777.2912441308576,
            16666.566655285904,
            10058.226303053405,
            18137.135681827163,
            15383.46937376172,
            6501.464657087732,
            15969.452636323684,
            14381.729295618266,
            14624.999752261676,
            15039.285294742183,
            3502.1438864877077,
            12398.775955416155,
            11456.434941848414,
            8109.102882336236,
            9053.08890953917,
            9491.168853956571,
            18814.481710989166,
            13857.447787204108,
            9966.606433265977,
            6854.183979580619,
            14336.221016224108,
            17388.35885264278,
            1040.5642526559502,
            21856.400678746686,
            5904.835462066286,
            10573.577484287578,
            11238.236941217785,
            15013.910119911037,
            5572.9779814047715,
            13959.976690739411,
            4311.617510943045,
            12547.729140828345,
            3715.8339090989784,
            15272.327061778138,
            14631.095180797827,
            7897.6397372596875,
            14800.649817978852,
            14876.870984515494,
            7050.8344917156255
        ],
        [
            7791.398121784078,
            10562.826083476084,
            25162.256639247254,
            3244.978053094182,
            6003.939472421842,
            10552.264401646858,
            15916.269037440961,
            8724.60069944628,
            14714.960271803324,
            0.0,
            5687.9243761773,
            27761.45799863059,
            21780.50709632238,
            5645.303787910786,
            11314.98701323174,
            10981.784177032525,
            2868.9431418450104,
            13755.383384040708,
            4867.764616809826,
            9462.517314793755,
            12400.52111364816,
            11539.161759746721,
            18250.564466144966,
            9433.305364993148,
            4116.410653266552,
            11847.917475482618,
            1605.3503254331595,
            13023.101434249591,
            7096.273176626263,
            10731.691719308456,
            10553.77806216275,
            14033.988077307538,
            27008.612295389263,
            19942.86494011048,
            6353.527225112878,
            5794.015143091612,
            9777.993114758183,
            3042.762771830119,
            2283.4543911528554,
            1145.5932894476107,
            4948.291805317916,
            11778.039831989676,
            22950.60705528319,
            10704.448445575043,
            7909.149481703782,
            10161.076011780488,
            6427.990303593354,
            28306.417558422778,
            24642.220232586405,
            11208.616116700232,
            16708.988033087055,
            4652.382435721977,
            6047.5958250309795,
            13867.766616695963,
            8661.652012900875,
            10573.391656122332,
            9317.581715968474,
            4692.320075676481,
            1404.7850761253408,
            15368.447244473851,
            2578.877909656585,
            10703.31192091609,
            3566.5195161536044,
            11135.392408880574,
            25845.55306626458,
            1890.4867902259334,
            17697.03341989715,
            5747.860613408565,
            4181.06837206991,
            9128.682130331501
        ],
        [
            6364.265064786978,
            11060.801837870009,
            27195.884546101053,
            8051.307710202649,
            2474.5637481651593,
            6138.21818101995,
            17552.32281166832,
            10962.604100163673,
            14308.03478827568,
            5687.9243761773,
            0.0,
            30301.65520589998,
            23798.060188824787,
            9005.053121355344,
            9895.814978409891,
            12685.872822471503,
            2894.6135997205324,
            8792.425973564365,
            10093.75442104041,
            12970.808016133364,
            13288.356142755063,
            8506.53368989382,
            20200.60620119916,
            8489.111711737234,
            8324.922614417717,
            14506.551716843755,
            7184.3907456066945,
            14896.810224349438,
            9852.60208326705,
            10481.674447492842,
            6891.256306013391,
            14318.671594377609,
            29226.093146823605,
            22000.124075621385,
            3966.9717453182143,
            1083.0278229160674,
            11733.984778138782,
            3610.255938383869,
            7776.733624661599,
            4558.303961212073,
            1144.9735451492477,
            12440.920639599863,
            24937.3228174933,
            5980.231825874799,
            10386.139593897748,
            13376.904135496769,
            9442.229429068477,
            30880.119950373624,
            26607.49310914391,
            7069.586301714625,
            18459.77287012197,
            10012.247732865824,
            3190.7218109576993,
            13290.978546442126,
            7837.596284779941,
            12361.61483528787,
            13145.253746496945,
            8538.95809633335,
            7087.195961997711,
            16927.63606800753,
            7897.717120812489,
            11393.106733732695,
            8142.146204867571,
            11512.653319630823,
            27936.233476010493,
            3832.6775765963316,
            19585.462575909958,
            493.15585837788564,
            1704.7706266276264,
            11256.578660622166
        ],
        [
            35345.38836828323,
            19581.90865128949,
            3923.1838691547664,
            24642.798820966727,
            32326.840518746078,
            28546.24104226365,
            12945.710794165874,
            19443.771381813684,
            18220.44345585044,
            27761.45799863059,
            30301.65520589998,
            0.0,
            6783.344276263794,
            22156.94095868375,
            22323.46634408979,
            17620.61586167725,
            29330.757962899632,
            30676.66439772009,
            23908.50543357314,
            18336.051797578963,
            17372.461633821717,
            25479.729688837066,
            10220.167925268395,
            37156.79084093432,
            23656.299960211934,
            15996.195591725857,
            26643.021817059063,
            15414.538387221934,
            20843.789376344146,
            20617.619071791236,
            26966.007137672983,
            17138.357131337012,
            2005.630162113019,
            8422.06360308042,
            33384.67963847315,
            31232.713995714723,
            18585.03953642973,
            30324.521440192562,
            26067.38153988843,
            28350.731416360824,
            30594.056101897324,
            18275.788071956336,
            5826.600921380386,
            29279.665934699227,
            20137.95492675085,
            17601.380774417677,
            21439.802214697702,
            595.9893999244471,
            4551.584787694926,
            27937.797821821747,
            12011.856033973283,
            24353.590045235913,
            32780.05138050063,
            19117.920588311725,
            36381.76259613732,
            17940.040374602977,
            18616.202935690493,
            23070.093592241526,
            27151.40675114465,
            13583.340135590588,
            25596.25788137309,
            19178.703708626137,
            24258.97703084793,
            19277.09907087938,
            3234.023559571614,
            28765.78280634157,
            10849.147511193874,
            30742.15511258565,
            30114.89994288719,
            19107.988671409912
        ],
        [
            29133.90105178423,
            12903.340511745057,
            3410.865659957882,
            18824.766270408563,
            25923.81372106752,
            21775.924151735184,
            6267.6658094501345,
            13168.457405786947,
            11466.046673012164,
            21780.50709632238,
            23798.060188824787,
            6783.344276263794,
            0.0,
            16137.192111912886,
            15544.182839026127,
            11147.126794560028,
            23064.299342201986,
            23898.555004945756,
            18449.296311146092,
            12654.256650631245,
            10669.653581545866,
            18696.396852918395,
            3602.7597919528434,
            31033.72050037919,
            17763.48607041103,
            9954.042003511047,
            20832.894986574775,
            8943.433637184957,
            14705.804955207395,
            13878.666733346758,
            20191.079832310796,
            10355.253725106872,
            5442.271068319652,
            1838.6416272868212,
            27064.847012705908,
            24766.902573973635,
            12214.479430366564,
            24136.463572931556,
            20322.413087338173,
            22243.837780220972,
            24173.909618993206,
            11568.39582440324,
            1170.1012330188923,
            22510.310982556057,
            13931.237872660162,
            11808.006291531385,
            15356.505147101985,
            7379.311518007561,
            2862.812025492037,
            21157.243228578493,
            5345.619112501674,
            18915.33651714885,
            26422.661765237604,
            12345.234476279067,
            30260.75989880325,
            11502.513807018682,
            13114.392334032707,
            17125.512944644095,
            21350.568916930773,
            6902.511155323662,
            19839.41443484241,
            12515.942817619418,
            18412.95296865238,
            12565.24530109013,
            4139.463083936218,
            22586.011237718303,
            4212.887462444898,
            24253.393105171206,
            23746.689867941594,
            12797.331164942245
        ],
        [
            13214.629011274894,
            5989.063913164844,
            19517.006814300028,
            2872.322628951684,
            10536.143674217312,
            10814.582167283295,
            10358.321583405008,
            3248.4656236309293,
            10260.886957989896,
            5645.303787910786,
            9005.053121355344,
            22156.94095868375,
            16137.192111912886,
            0.0,
            8270.180505780332,
            5567.412047982394,
            7318.844195021293,
            14164.293944386074,
            3722.7986602928886,
            4035.4414021286307,
            7303.9395742946335,
            10036.224122821759,
            12619.473056899615,
            14999.87651148804,
            1747.188066625373,
            6204.324532771868,
            4794.624099325458,
            7462.234320990328,
            1551.6672264686006,
            6756.035486127768,
            9980.654859565555,
            9167.49615815933,
            21368.87205816633,
            14300.172609235933,
            11387.358000003382,
            9701.518228324156,
            4339.175537482257,
            8202.603701071612,
            4403.12152437511,
            6196.801614851722,
            8926.489694354017,
            6890.722761203481,
            17307.27045738491,
            11307.374055318005,
            2404.166075212991,
            4604.076694585919,
            843.9862218641074,
            22708.45467360441,
            18998.297819747368,
            10989.104078234868,
            11116.45721152501,
            4100.50244955796,
            10864.922377764187,
            9632.954263106943,
            14224.836068844981,
            5149.688797777026,
            4141.162390818196,
            1057.2772515865447,
            5308.958463588625,
            9840.185933401786,
            3930.018605411339,
            5953.567299031143,
            2437.573005324591,
            6551.706693025596,
            20200.616742752296,
            6650.308291667812,
            12075.404152276376,
            9340.635745890317,
            8307.037162312516,
            3666.1910767570894
        ],
        [
            16191.238598292408,
            3626.9197648448335,
            18756.214740528518,
            10397.099232538567,
            12359.18393127397,
            6255.347065361791,
            9510.8105281654,
            6634.277216185731,
            4590.601521968578,
            11314.98701323174,
            9895.814978409891,
            22323.46634408979,
            15544.182839026127,
            8270.180505780332,
            0.0,
            6282.5133554181675,
            10694.999704201287,
            8517.072029907275,
            11912.982305526004,
            9659.792042921745,
            5270.0788268986435,
            3222.7117893281165,
            12199.029227710927,
            18310.573136011764,
            9520.466555701783,
            8929.017708847481,
            11567.224777568636,
            7845.3811880973735,
            7353.409309372357,
            2202.468659537445,
            4655.654971727719,
            5203.458845130035,
            20902.208925239822,
            13946.217461888551,
            13810.677277361556,
            10978.712685927123,
            6346.784266080708,
            11986.609140242343,
            11578.588376646536,
            10967.186491884364,
            10723.583059867351,
            4437.401641638348,
            16569.588114668004,
            6991.476840926997,
            6944.565181337528,
            9312.11485360353,
            7744.862557225985,
            22919.341052596956,
            18120.93932353991,
            5615.1828051277635,
            10426.951959750158,
            12229.16810701501,
            13045.329830370561,
            3550.4980335658533,
            17615.901377037884,
            6285.292023167715,
            10371.819726740543,
            8993.208471428601,
            11941.749341976385,
            8894.148687704634,
            11242.413042179822,
            4047.5312558636147,
            10054.050529401546,
            3553.7328158258247,
            19525.350880373477,
            10816.723964392717,
            11578.96671828521,
            10388.155861711428,
            10662.812277320087,
            6510.684809853365
        ],
        [
            18036.197546192016,
            2660.236417386844,
            14556.323468182201,
            8439.520591681494,
            14777.135062647201,
            11686.191331897387,
            4998.112158925267,
            2318.9483144972005,
            5609.771900659266,
            10981.784177032525,
            12685.872822471503,
            17620.61586167725,
            11147.126794560028,
            5567.412047982394,
            6282.5133554181675,
            0.0,
            11958.303296441423,
            14518.311077005745,
            8875.52107689741,
            4150.735324788921,
            2090.196506376105,
            9328.405147070955,
            7544.52776127843,
            19983.574242916693,
            7314.391441521611,
            2646.6587062136614,
            10335.26975377499,
            2211.8721239379215,
            4015.747434554943,
            4081.290028048954,
            10274.602093550202,
            4064.2468893467576,
            16554.611735432507,
            9331.49774394726,
            15926.783963027316,
            13634.27656214328,
            1228.428213487677,
            13077.282607977959,
            9970.046245874733,
            11280.11958165825,
            13028.445662331676,
            2255.9184269025072,
            12300.51097966011,
            12375.8198999504,
            3163.2583326377817,
            3468.9248393205244,
            4723.433472140091,
            18201.377684784587,
            13985.392774926295,
            11356.682954435235,
            5856.63851599219,
            9325.247807320966,
            15277.589239693878,
            5412.438656158688,
            19215.51442621513,
            417.72528556333424,
            4964.099973292624,
            6624.688704007506,
            10842.966332622607,
            4416.186439377901,
            9497.400451207319,
            2235.0830312203652,
            8004.745698835588,
            2794.3910659317007,
            15285.164917887454,
            11546.620766840697,
            6941.756620342562,
            13131.908991793067,
            12601.598291371576,
            1901.2212968489132
        ],
        [
            6077.896761546204,
            10896.400012793374,
            26474.155931256104,
            5666.541650990062,
            3314.8207986412817,
            8450.797723649755,
            16953.101349431803,
            9911.571449692838,
            14696.586602637077,
            2868.9431418450104,
            2894.6135997205324,
            29330.757962899632,
            23064.299342201986,
            7318.844195021293,
            10694.999704201287,
            11958.303296441423,
            0.0,
            11428.168604952776,
            7568.43254888526,
            11348.44314140157,
            12991.036514532143,
            10128.730350082811,
            19471.8695689696,
            8055.719775708938,
            6212.653794460973,
            13340.18733149396,
            4440.716140139445,
            14134.22390375705,
            8499.167417981751,
            10684.493003973534,
            8808.052545435574,
            14352.955245646315,
            28418.854876001937,
            21232.53160399934,
            4074.262716292733,
            2926.863660867096,
            10851.039330306483,
            1291.6113000831076,
            5084.243476046739,
            1723.521362991119,
            2079.3626211043284,
            12236.049849530358,
            24226.909106800216,
            8458.587932482758,
            9193.582141479219,
            11908.667973954249,
            7943.742074445863,
            29893.880500056606,
            25917.90193263085,
            9254.823295533766,
            17813.750455328456,
            7416.1211739324945,
            3554.838483755356,
            13745.560630152964,
            7297.601814346744,
            11582.41395266052,
            11367.45517049122,
            6600.977920322344,
            4271.799861006518,
            16358.694009410157,
            5288.11214549558,
            11141.708212000316,
            5860.225248107322,
            11426.12983666827,
            27188.741573907097,
            978.5153544721126,
            18881.94632737845,
            2895.9606999196194,
            1312.1278531582705,
            10271.249283281737
        ],
        [
            14128.8638391405,
            11912.280005802251,
            26991.572009262967,
            14860.730888026825,
            10615.774141437978,
            3382.3150716782534,
            18003.757465015788,
            14109.657913908404,
            12489.568538620391,
            13755.383384040708,
            8792.425973564365,
            30676.66439772009,
            23898.555004945756,
            14164.293944386074,
            8517.072029907275,
            14518.311077005745,
            11428.168604952776,
            0.0,
            16910.98251631897,
            17060.220162946407,
            13777.753209343482,
            5294.815618488562,
            20662.539045750356,
            16052.010894583183,
            14528.88978788236,
            17100.334366371037,
            14900.775799305038,
            16302.273117969971,
            14041.30477558365,
            10564.730614355158,
            4332.559230054543,
            13571.263811191851,
            29154.39231319537,
            22376.172027212317,
            12008.270534671392,
            9485.161949512403,
            14236.358129647773,
            12371.721217485385,
            15298.14222345478,
            12791.068454598933,
            9927.809674904896,
            12922.244939527278,
            24868.964832659178,
            3063.037586096598,
            14044.35701415868,
            16990.54778625028,
            14074.343137837946,
            31272.0964212144,
            26346.43894374079,
            3247.8005886435517,
            18909.21806508365,
            17025.01578311218,
            11329.768487131169,
            11561.46898491956,
            15603.443567633669,
            14418.86149754858,
            17604.544823074142,
            14341.152378896297,
            15005.27547771474,
            17395.174658836564,
            15210.172653747972,
            12355.878334412233,
            14725.590052663158,
            11981.192775091336,
            27761.105939653546,
            12190.745997654434,
            20049.84204333716,
            9068.989480166943,
            10456.148734783132,
            14155.17358532025
        ],
        [
            12486.104023495269,
            9684.827482087,
            21715.4511753398,
            2104.0359186777864,
