{
    "file_name": "taxi_data/taxi_data_7.txt",
    "method": "p_median_importance_reduced",
    "Delta": [
        [
            0.0,
            12655.66654412651,
            33936.16977705951,
            13045.329830370561,
            14778.95036355406,
            6985.409488432984,
            8211.311271683215,
            23469.707111739663,
            9300.746386987046,
            15900.278346974728,
            3173.586670001386,
            9364.575706852893,
            3199.2310548078017,
            3554.838483755356,
            11705.801680554741,
            16384.356753201617,
            12153.949348126056,
            15814.410616611289,
            30558.44914871067,
            17276.503174872738,
            10482.104730020601,
            13811.329564443902,
            5840.064007454397,
            13641.300494734707,
            11676.638775162648,
            13676.797012819132,
            21074.51299618887,
            35083.504926312795,
            10864.922377764187,
            11329.768487131169,
            1996.409354563315,
            10014.425108821762,
            19383.887651631896,
            7676.104234121477,
            32370.748380035497,
            9752.463086508289,
            8567.432452404255,
            12627.220668557262,
            13105.096042945801,
            6047.5958250309795,
            13348.378948144971,
            17796.73421817105,
            14922.160811458378,
            14779.04190865884,
            9233.460964398191,
            776.6517118551385,
            3013.1578208221185,
            11695.686313079628,
            15346.800638639132,
            4652.8159635548,
            4357.808748871868,
            8815.768871445873,
            17119.05019709142,
            13845.64479693822,
            10760.223262212467,
            13007.845519028948,
            32983.29879671742,
            34067.208298959085,
            2676.025789649735,
            12993.464123471444,
            16234.780268874023,
            14224.162358811926,
            749.3896153304645,
            7642.427417552365,
            2352.048495529465,
            10912.20765209683,
            6394.925621054235,
            5298.441006174511,
            10155.02630770771,
            13566.127771941801
        ],
        [
            12655.66654412651,
            0.0,
            21285.935424004947,
            6944.565181337528,
            7924.053810043452,
            7696.774722951512,
            20862.850703598924,
            10983.260663748799,
            10875.667901678466,
            3366.4298842484523,
            15231.512946488157,
            4841.613816179907,
            10585.945426817056,
            9193.582141479219,
            11605.911031694095,
            7597.051286125149,
            7669.270185548999,
            5216.12830756261,
            18034.206714767377,
            4948.562630930052,
            6337.775124986772,
            4153.030143635571,
            17652.161367718392,
            8953.986023188847,
            9332.473777058782,
            1262.0497712962426,
            8748.61216560103,
            22526.993287323654,
            2404.166075212991,
            14044.35701415868,
            11177.25052412069,
            9719.394309817437,
            6728.259869485144,
            19979.137400403506,
            19741.377700104047,
            4151.235736905503,
            6461.968535280246,
            6122.389546393797,
            9084.722568779745,
            7909.149481703782,
            5367.878617299237,
            6019.49006205889,
            3580.69979012898,
            7144.362630377301,
            21802.299346827647,
            13248.37704618074,
            10218.349720700431,
            1253.1941744240976,
            3063.1365144818183,
            16331.678979308927,
            8663.06045841019,
            11447.600214221626,
            4464.256899634379,
            10266.002127141905,
            10763.07481990625,
            8127.49595724163,
            20337.646749293785,
            21449.609956251526,
            10005.130447209493,
            426.24929595040084,
            5005.403211870424,
            1935.0202258883999,
            12233.990927593994,
            7181.592947411931,
            10530.1190858873,
            5857.60203274195,
            7816.216752760997,
            17105.251628803933,
            3461.4386345815083,
            4696.03269355331
        ],
        [
            33936.16977705951,
            21285.935424004947,
            0.0,
            24004.55091420977,
            22606.0929107774,
            28164.48244294005,
            42146.4676535053,
            11134.44909070419,
            30104.143491251474,
            18059.88942900359,
            36388.30109135917,
            25159.349947300663,
            31764.751026016587,
            30439.401288917485,
            28942.40712216329,
            20913.10474746268,
            24908.943148227303,
            19174.193482384886,
            5471.591067669705,
            17015.2839321024,
            25239.990819233262,
            21316.785590952244,
            38661.3775747104,
            25261.52844029758,
            27195.369001340285,
            20331.756226529444,
            13631.065409577139,
            2894.51749055403,
            23174.213562199373,
            32437.99710923016,
            32442.09926811043,
            28616.317553868026,
            14562.965417989053,
            41094.954391926774,
            2896.1892207668393,
            24587.940566438134,
            26543.75714648616,
            23354.68594798247,
            25323.38061392615,
            28704.26667246226,
            22549.612675731583,
            17114.410544487102,
            19434.23243723109,
            22433.27979092474,
            43080.01388967223,
            34510.88100206414,
            31375.909918913847,
            22256.990106422094,
            18682.876259815577,
            37361.176851799246,
            29821.082245692254,
            30905.744948732274,
            16831.841862108035,
            26421.855428314062,
            29188.157920234295,
            25045.53588949056,
            2055.345049555286,
            1309.568312540967,
            31291.004354218207,
            20962.59225470627,
            18446.269895373232,
            19853.355371308946,
            33519.29062924407,
            27501.156832744866,
            31807.155112746575,
            24620.979790187608,
            28500.497859629428,
            38134.4437967698,
            24035.96155093318,
            21896.958403340566
        ],
        [
            13045.329830370561,
            6944.565181337528,
            24004.55091420977,
            0.0,
            14760.581412539317,
            11725.56582033136,
            20395.337948075827,
            12871.237397036994,
            6158.169565656388,
            9104.41959386447,
            16191.238598292408,
            10054.050529401546,
            9947.70983571798,
            10694.999704201287,
            17227.769005760863,
            3550.4980335658533,
            13973.388118607678,
            12047.512208313343,
            19525.350880373477,
            7634.96501542234,
            12188.565430391089,
            3349.410439703504,
            18862.087166444322,
            2017.305017423259,
            3222.7117893281165,
            6510.684809853365,
            10392.06777307553,
            25893.5233973783,
            8270.180505780332,
            8517.072029907275,
            11070.61748285214,
            4655.654971727719,
            10686.18680014642,
            20658.454764889022,
            21800.78421828117,
            9520.466555701783,
            11350.656082828398,
            12711.91510535848,
            15474.051710447004,
            11314.98701323174,
            1791.8828448875279,
            6982.299133896755,
            10371.819726740543,
            1830.4214263725794,
            20867.80941100419,
            13810.677277361556,
            11986.609140242343,
            7570.628396917617,
            9343.023688642572,
            17615.901377037884,
            10816.723964392717,
            6991.476840926997,
            8957.683000925756,
            3372.2087388956147,
            5191.159940597497,
            1270.4887152915546,
            22565.67913657705,
            24518.684686916633,
            10662.812277320087,
            6771.239598678485,
            11659.928956629325,
            6346.784266080708,
            12359.18393127397,
            11567.224777568636,
            10723.583059867351,
            11912.982305526004,
            11460.692336547127,
            18310.573136011764,
            8993.208471428601,
            2615.4312618823087
        ],
        [
            14778.95036355406,
            7924.053810043452,
            22606.0929107774,
            14760.581412539317,
            0.0,
            7793.697530338471,
            22267.97050416469,
            15120.286056853718,
            17374.349170773206,
            7703.659623866329,
            16038.213506699141,
            6092.876707872629,
            14362.941320769021,
            11538.524624225005,
            6337.531416007212,
            15406.298709872948,
            2751.5392277721903,
            4261.958964193918,
            21161.30353189304,
            11027.963036357134,
            4329.901422592705,
            12062.17943132239,
            17660.75435731178,
            16731.351157873247,
            16699.21476391573,
            8772.273508579166,
            13812.532605599185,
            22860.687667256352,
            6663.164849273313,
            20663.032009560273,
            14271.752023085177,
            16582.733922978372,
            10489.29865564399,
            20228.72950850558,
            22031.145980745532,
            6160.998180542564,
            6277.002558426326,
            2392.3548350556375,
            2720.763813959367,
            8752.092369154516,
            13275.220553605865,
            12618.933047154203,
            5372.831550435476,
            15067.856724680641,
            23592.071496900116,
            15014.24694647869,
            11766.021743333036,
            7193.370021882006,
            6900.466977531385,
            16513.258236081256,
            10581.268268549118,
            17704.240525825495,
            9270.812817688631,
            17974.47309180279,
            17727.98768617266,
            15867.14467543626,
            22361.039645576784,
            22301.190810726504,
            12825.634162102948,
            8201.572298235795,
            5160.596620520403,
            9278.834329098137,
            14755.545371643038,
            7147.180325268431,
            13581.321872244635,
            4015.4039474967217,
            8392.829293021756,
            17222.94495050104,
            6325.756770198985,
            12620.007718006133
        ],
        [
            6985.409488432984,
            7696.774722951512,
            28164.48244294005,
            11725.56582033136,
            7793.697530338471,
            0.0,
            14689.034933822993,
            18522.88146153486,
            11542.306290980176,
            10315.679608297296,
            8523.772567968961,
            3033.5225791309003,
            6946.369665928975,
            3881.3022961105867,
            6093.573238543187,
            14083.926593712045,
            5204.630216592749,
            9259.839409973883,
            25462.939193869173,
            12637.257398198408,
            3511.814843500289,
            10686.714964257702,
            10551.795167388193,
            13233.433693232524,
            12185.758330354818,
            8946.132591858533,
            16401.64286273784,
            28992.9244365348,
            5337.543223897605,
            14639.315375168868,
            6618.521183845535,
            11302.55581457647,
            13964.319977696428,
            13056.333022916751,
            26949.76546492392,
            3669.1708798657987,
            1686.4182106833823,
            5681.839926408811,
            6305.8806192554675,
            1012.7710678406055,
            11048.370959559828,
            13674.852765128324,
            8733.178437692392,
            12929.57478632306,
            15931.986783042756,
            7244.178565857454,
            3972.3516117426616,
            6463.125443205484,
            9581.519830509169,
            9282.806798830954,
            2902.9888716687733,
            11579.954918017685,
            11836.36420938959,
            14086.874877756916,
            12427.159852691815,
            12367.732206081435,
            27465.139808407843,
            28134.28111169321,
            5193.370074581595,
            8117.713427682184,
            9838.25941015666,
            9610.689471256417,
            6979.579886946372,
            697.0120091576151,
            5960.542133987724,
            3989.015686622636,
            634.3267493123082,
            10045.340724374062,
            4314.684991682852,
            10823.910255295285
        ],
        [
            8211.311271683215,
            20862.850703598924,
            42146.4676535053,
            20395.337948075827,
            22267.97050416469,
            14689.034933822993,
            0.0,
            31610.612407311048,
            15229.967471052787,
            24110.21159646458,
            6230.128048435753,
            17396.08940023034,
            10676.98066929574,
            11736.827776327607,
            17785.86929543046,
            23904.429110295594,
            19528.931025853424,
            23851.9995309594,
            38695.77215633602,
            25416.13458122025,
            18161.01306169529,
            21719.566919634613,
            5276.854432579457,
            20498.633711879123,
            18276.28923218975,
            21863.929552027268,
            29183.141221048114,
            43283.029473439856,
            19054.600186648062,
            15741.32386030793,
            9797.759338837519,
            16439.682341423988,
            27590.755227584206,
            3395.9874317262,
            40554.924057301054,
            17848.87343179326,
            16365.997775332155,
            20340.57306803556,
            20164.65376766408,
            13890.084317733432,
            21040.274560233247,
            25833.163301477056,
            23064.57218648959,
            22212.983217865614,
            1588.175076991566,
            7668.73422460928,
            10935.916149405686,
            19905.42752587891,
            23547.04868505792,
            6015.306824660436,
            12444.687817438562,
            14464.80175943454,
            25324.307567296662,
            20306.064157464643,
            16768.519540166064,
            20052.749903890355,
            41177.59700359759,
            42277.08619619799,
            10860.40927226354,
            21195.41946979212,
            24332.73657150239,
            22394.689637144107,
            8645.709556124997,
            15384.169032744558,
            10386.527207954749,
            18672.39984934387,
            14184.739752533056,
            5484.050115083568,
            18300.152632969934,
            21381.640167021586
        ],
        [
            23469.707111739663,
            10983.260663748799,
            11134.44909070419,
            12871.237397036994,
            15120.286056853718,
            18522.88146153486,
            31610.612407311048,
            0.0,
            18973.614276542594,
            8286.463435066953,
            26178.637464991232,
            15513.33309371689,
            21022.799813309142,
            20108.55535999359,
            20964.30379104933,
            9871.222637273435,
            16636.73913261984,
            10905.931767557784,
            7088.785709061788,
            6195.48087323886,
            16260.036514371954,
            10252.827858618075,
            28630.68112905651,
            14182.26300462301,
            16068.392716640645,
            9842.555128560483,
            2513.8957551520984,
            13101.766548114421,
            13211.132238772429,
            21327.455753814455,
            21816.41795042607,
            17483.623011135427,
            4742.573067998513,
            30930.226006650075,
            9059.243718697639,
            14856.401416962137,
            17076.386947364197,
            14876.416182791814,
            17552.996542894758,
            18849.43874152703,
            11428.246444055198,
            6012.612596575467,
            10354.337563360614,
            11327.449412016134,
            32421.612642092023,
            24110.084870221934,
            21182.889344402123,
            12135.67274222315,
            9099.584000264274,
            27309.33114225349,
            19633.389343003753,
            19779.475654077734,
            6693.152969433069,
            15390.744991091366,
            18057.690196132808,
            13927.244093587015,
            9772.010005181744,
            11669.758719904523,
            20793.871611081322,
            10596.583089938973,
            10009.230748386934,
            9258.706360904072,
            22974.574169473683,
            17933.411680171575,
            21226.03774784828,
            15647.523289017237,
            18722.731267431416,
            28081.969407716977,
            14210.284020025603,
            10799.374615750108
        ],
        [
            9300.746386987046,
            10875.667901678466,
            30104.143491251474,
            6158.169565656388,
            17374.349170773206,
            11542.306290980176,
            15229.967471052787,
            18973.614276542594,
            0.0,
            13928.94173622048,
            12368.03606769557,
            11456.004491924921,
            6226.005257523667,
            8629.65975719143,
            17635.686933965288,
            9592.343214774155,
            15672.35183610541,
            15957.29411730871,
            25683.313174606497,
            13370.426866856356,
            13632.744080740114,
            8904.591270131104,
            14933.97168896374,
            5513.351473263204,
            3231.7654639819075,
            11091.163645429755,
            16473.1770869833,
            31905.570174484623,
            10884.795746518537,
            3289.332950189883,
            7425.827163028751,
            1502.714020312595,
            16310.533838804115,
            16203.033265357999,
            27946.32941746565,
            11245.17037519588,
            12055.862457226449,
            15012.810134734858,
            17118.115707203873,
            10708.389415144531,
            7562.638719863535,
            13001.407783132383,
            14407.101672682125,
            7895.582576845703,
            15429.781285955063,
            10051.059209292818,
            9713.07222700952,
            10815.26398914811,
            13866.545000343496,
            13872.802360977263,
            9285.279198122033,
            853.3855293638082,
            14293.27895540358,
            5094.636342649358,
            1547.9244617634477,
            5330.596688756517,
            28703.551065720116,
            30574.280452519164,
            7849.449686980567,
            10928.758844636304,
            15862.230563741794,
            11239.622879409984,
            8552.199710933832,
            11752.233798580028,
            7467.076451227047,
            13639.958614076402,
            11017.137610063563,
            14432.375357044091,
            11051.880906780802,
            8259.180418642643
        ],
        [
            15900.278346974728,
            3366.4298842484523,
            18059.88942900359,
            9104.41959386447,
            7703.659623866329,
            10315.679608297296,
            24110.21159646458,
            8286.463435066953,
            13928.94173622048,
            0.0,
            18337.135415218978,
            7284.403178387633,
            13941.541086011335,
            12384.752670063084,
            12900.261360837123,
            8423.154025656568,
            8596.37600710747,
            3659.0793830565426,
            15149.53903394022,
            3328.470119020586,
            7996.239198104593,
            5785.97117343895,
            20661.39656030856,
            11079.74868164883,
            11964.68345873934,
            2837.884779836533,
            6431.922138165537,
            19203.081514081678,
            5127.4797988335085,
            16979.97354968068,
            14496.842730194236,
            12657.021481333968,
            3648.677552465425,
            23059.45521403787,
            16670.688407507103,
            6653.18529930841,
            8813.629336195525,
            6825.243878464941,
            9721.201587365036,
            10737.390538751955,
            7324.500235613461,
            4944.362927282965,
            2349.4136501734097,
            8654.368370897271,
            25093.66936070057,
            16458.57490548051,
            13319.850824046602,
            4204.78478327449,
            855.4365436120144,
            19350.678879599225,
            11763.394896547414,
            14565.078172606398,
            1670.6405227732241,
            12460.489997002122,
            13614.529071711531,
            10371.404213461286,
            17219.47707261292,
            18166.97535945905,
            13279.629432640906,
            3144.9607908613284,
            2930.500661556706,
            2781.7528684138697,
            15515.827679320242,
            9699.397912901644,
            13837.137386939487,
            7392.18456834631,
            10571.443218971597,
            20125.62663645081,
            6045.643593614445,
            6508.823282847838
        ],
        [
            3173.586670001386,
            15231.512946488157,
            36388.30109135917,
            16191.238598292408,
            16038.213506699141,
            8523.772567968961,
            6230.128048435753,
            26178.637464991232,
            12368.03606769557,
            18337.135415218978,
            0.0,
            11349.234703417465,
            6368.615317252346,
            6077.896761546204,
            11777.174449972248,
            19487.856922045623,
            13298.852804167982,
            17759.329268600508,
            33253.47785067032,
            20015.958295299817,
            11959.298150639459,
            16789.172429062208,
            2671.981594871736,
            16814.87754625944,
            14840.207698799977,
            16336.856757590738,
            23840.923809566393,
            37376.84480910036,
            13214.629011274894,
            14128.8638391405,
            5169.915286309803,
            13155.991077643153,
            21915.474988524125,
            4751.598860210436,
            34961.694667201846,
            11857.561437861805,
            10209.483755887066,
            14136.254117296434,
            13957.998542441432,
            7791.398121784078,
            16420.903685115078,
            20657.744932325088,
            17085.93762456652,
            17905.74049675176,
            7597.613079948919,
            2397.3519581117594,
            5020.893476787351,
            14165.84097503258,
            17707.28863611153,
            1504.7664144035364,
            6579.614468713236,
            11823.648391551724,
            19674.658096410094,
            17007.08453357897,
            13858.220695413936,
            16178.268367391438,
            35539.201528257836,
            36442.87406887369,
            5614.569599289339,
            15600.24515670505,
            18290.51863500194,
            16924.48170186253,
            3903.3623749267927,
            9220.776477627493,
            5467.802422360282,
            12486.104023495269,
            8057.178926294341,
            2125.6919962302627,
            12369.20756434416,
            16591.57402319034
        ],
        [
            9364.575706852893,
            4841.613816179907,
            25159.349947300663,
            10054.050529401546,
            6092.876707872629,
            3033.5225791309003,
            17396.08940023034,
            15513.33309371689,
            11456.004491924921,
            7284.403178387633,
            11349.234703417465,
            0.0,
            8392.398904706122,
            5860.225248107322,
            7202.844196932361,
            11852.252556469224,
            4233.532451592604,
            6462.459226901605,
            22433.474397145637,
            9718.996311069901,
            2230.727659907621,
            8337.426936988373,
            13512.462384583943,
            11822.478201293541,
            11269.00278824834,
            6103.55126559727,
            13436.687903530164,
            26045.759407602414,
            2437.573005324591,
            14725.590052663158,
            8472.95492820706,
            10831.176759374837,
            10932.998767984722,
            15981.422777474008,
            23918.206155039854,
            690.3875005268468,
            1620.5995840093228,
            3704.4472943393525,
            5713.4034291624575,
            3566.5195161536044,
            9015.19234368171,
            10860.927945047099,
            5752.214077579941,
            10939.40878812386,
            18547.66889681257,
            9774.34906015186,
            6464.457293751164,
            3588.451999104672,
            6548.307889395987,
            12222.783810782692,
            5007.101946967406,
            11713.901643100628,
            8821.19605918902,
            12885.835281128384,
            11990.740262394324,
            10931.344072309166,
            24437.723651419194,
            25153.155075699,
            7052.262909924608,
            5267.856602287879,
            6945.834542593231,
            6776.628768294445,
            9175.00037135492,
            2420.31916319836,
            7768.956041171201,
            2185.5944664419285,
            3342.414205323343,
            12992.857859286796,
            1380.596905415489,
            8622.125417207417
        ],
        [
            3199.2310548078017,
            10585.945426817056,
            31764.751026016587,
            9947.70983571798,
            14362.941320769021,
            6946.369665928975,
            10676.98066929574,
            21022.799813309142,
            6226.005257523667,
            13941.541086011335,
            6368.615317252346,
            8392.398904706122,
            0.0,
            3137.414652273615,
            12692.627983929413,
            13364.477824773436,
            12010.386311152246,
            14523.660779954762,
            28090.683872086465,
            14848.54560249179,
            10073.280833208444,
            11042.639864158502,
            9026.229573036342,
            10453.92796187783,
            8478.043177309763,
            11442.21424187575,
            18565.173523688372,
            33102.177119215754,
            9232.894342302125,
            8620.535633677979,
            1221.451576453982,
            6834.388935931175,
            17226.198860500743,
            10711.792132749248,
            30030.710222074184,
            8570.176998019564,
            8151.03413419914,
            12026.21821046701,
            13225.27962042944,
            5940.07278353146,
            10406.643713652567,
            15176.313347168023,
            13371.906988925157,
            11718.588803774972,
            11402.27736095426,
            3975.2735920402315,
            3814.427418699608,
            9831.75207301025,
            13510.910945311067,
            7852.046436417305,
            4080.993451454578,
            5843.935461532861,
            14964.261648155449,
            10647.650855151642,
            7631.028084954226,
            9840.326861390016,
            30685.392726741073,
            31990.04420543249,
            1923.4579073470907,
            10863.36988852538,
            14786.839155244048,
            11912.198407497728,
            2465.970976668385,
            7439.334149218649,
            1308.4221791339062,
            10348.198348191161,
            6315.985873888119,
            8490.091554563978,
            8777.917871777847,
            10713.004857634858
        ],
        [
            3554.838483755356,
            9193.582141479219,
            30439.401288917485,
            10694.999704201287,
            11538.524624225005,
            3881.3022961105867,
            11736.827776327607,
            20108.55535999359,
            8629.65975719143,
            12384.752670063084,
            6077.896761546204,
            5860.225248107322,
            3137.414652273615,
            0.0,
            9561.846370195133,
            13745.560630152964,
            9050.473561987115,
            12282.440406053025,
            27188.741573907097,
            13939.268108230483,
            7208.842869224261,
            10820.991612219872,
            8613.680478304901,
            11719.237986692382,
            10128.730350082811,
            10271.249283281737,
            17763.252422410864,
            31546.228431154857,
            7318.844195021293,
            11428.168604952776,
            2746.556556842894,
            8808.052545435574,
            15909.71727978001,
            10827.123670907506,
            28934.77009864411,
            6212.653794460973,
            5261.554375790763,
            9283.1641144874,
            10187.180788162183,
            2868.9431418450104,
            10623.811125300015,
            14594.325482800365,
            11367.45517049122,
            12271.872056507978,
            12788.04452637301,
            4074.262716292733,
            1291.6113000831076,
            8182.711140006977,
            11810.459376391407,
            7297.601814346744,
            978.5153544721126,
            8458.587932482758,
            13653.807007806805,
            12244.91554304405,
            9811.127947236204,
            10954.700081792154,
            29529.384418102272,
            30547.396194503082,
            1312.1278531582705,
            9550.414950340524,
            12685.676252982572,
            10851.039330306483,
            3314.8207986412817,
            4440.716140139445,
            2079.3626211043284,
            7568.43254888526,
            3247.171716601682,
            8055.719775708938,
            6600.977920322344,
            10693.303813807343
        ],
        [
            11705.801680554741,
            11605.911031694095,
            28942.40712216329,
            17227.769005760863,
            6337.531416007212,
            6093.573238543187,
            17785.86929543046,
            20964.30379104933,
            17635.686933965288,
            12900.261360837123,
            11777.174449972248,
            7202.844196932361,
            12692.627983929413,
            9561.846370195133,
            0.0,
            18995.222993266823,
            4329.573904392225,
            10146.645771001931,
            27329.275275485044,
            15990.72330112946,
            5275.219327209882,
            15464.888667501245,
            12692.627983930184,
            18929.624037567584,
            18123.064156349363,
            12800.068890937595,
            19323.3275378191,
            29171.013050038393,
            9372.656315873675,
            20720.641983963178,
            12073.087651485246,
            17357.460966154536,
            16227.294949290546,
            15194.544223570745,
            28313.75728464113,
            7800.59547500066,
            5906.1945308047225,
            6099.199739985244,
            3619.106830579815,
            6968.540408000941,
            16215.489625726297,
            17392.805544492767,
            10647.638247251023,
            18139.581813163964,
            19270.427020599367,
            11621.563454873007,
            9063.609394301942,
            10431.84170799381,
            12045.362683613852,
            11774.007850727021,
            8661.370427919392,
            17665.369500237037,
            14570.485472117327,
            19909.371605672808,
            18493.270348966187,
            18042.579174055492,
            28667.075492077325,
            28635.77645718443,
            10793.469071022255,
            12008.950595746244,
            11015.904852862795,
            13448.725377343568,
            11995.780330963058,
            5933.976749997068,
            11520.347395520856,
            5755.027054410965,
            6636.448174638257,
            12364.357624997676,
            8422.13114483921,
            15797.75946124413
        ],
        [
            16384.356753201617,
            7597.051286125149,
            20913.10474746268,
            3550.4980335658533,
            15406.298709872948,
            14083.926593712045,
            23904.429110295594,
            9871.222637273435,
            9592.343214774155,
            8423.154025656568,
            19487.856922045623,
            11852.252556469224,
            13364.477824773436,
            13745.560630152964,
            18995.222993266823,
            0.0,
            15243.31492138792,
            11929.27483091682,
            16209.042880569326,
            5827.389438908499,
            13743.70433184359,
            3531.093841390037,
            22146.726428292393,
            4360.090459026253,
            6444.44481844035,
            6634.5256212652575,
            7524.56649303767,
            22972.573195073608,
            9632.954263106943,
            11561.46898491956,
            14441.869498910552,
            8099.10030696375,
            8747.356522506763,
            24044.188436881952,
            18572.969431922644,
            11215.118450040123,
            13354.80588766701,
            13718.9507604878,
            16677.088314198038,
            13867.766616695963,
            3129.488223255519,
            4563.205921702804,
            10324.46764638779,
            1723.4373075481649,
            24405.447788888017,
            17136.373269301148,
            15024.229653055361,
            8635.38442621342,
            8959.30466786196,
            20872.779875601314,
            13711.393113891461,
            10440.598537545502,
            7635.903437424778,
            5520.699215133353,
            8440.768278113523,
            4277.381147875569,
            19366.954250005452,
            21522.44175395242,
            13891.366873310184,
            7259.244837363434,
            11316.563302100634,
            6148.148519116495,
            15725.149452963851,
            13785.379239712032,
            14037.751213305686,
            13336.57745336944,
            13941.42486295972,
            21590.107322099364,
            10575.707181507109,
            3263.085220947484
        ],
        [
            12153.949348126056,
            7669.270185548999,
            24908.943148227303,
            13973.388118607678,
            2751.5392277721903,
            5204.630216592749,
            19528.931025853424,
            16636.73913261984,
            15672.35183610541,
            8596.37600710747,
            13298.852804167982,
            4233.532451592604,
            12010.386311152246,
            9050.473561987115,
            4329.573904392225,
            15243.31492138792,
            0.0,
            5873.047294131256,
            23063.373894537173,
            11751.450698979173,
            2045.4794330057136,
            11739.138282811798,
            14911.893229774896,
            15841.651655569902,
            15453.036852405585,
            8776.905749187645,
            15006.460973200774,
            25327.72295980904,
            5725.821205190745,
            18929.984060712384,
            11796.99947112999,
            15064.253717786558,
            11898.357960833175,
            17479.581623551036,
            24136.30279214202,
            4573.15962531355,
            3867.493417568542,
            1773.9758738490752,
            1507.7006977645897,
            6199.936969229172,
            12711.130114614069,
            13210.093343793462,
            6321.783139096717,
            14605.31788982655,
            20865.817253560937,
            12347.695012684659,
            9151.327199542258,
            6617.799835419965,
            7740.991395602624,
            13761.726168904022,
            8075.900220345936,
            15899.485089979873,
            10263.739995891096,
            16976.670394738263,
            16223.734109929837,
            14953.42842626389,
            24525.704906784613,
            24682.45194365755,
            10357.826647166792,
            8040.1829355037025,
            6721.632329305271,
            9393.285714006186,
            12180.741544371254,
            4609.778175074168,
            11123.155605874686,
            2096.5826671030773,
            5827.516148086579,
            14472.097917552997,
            5002.574394076847,
            12176.552017821035
        ],
        [
            15814.410616611289,
            5216.12830756261,
            19174.193482384886,
            12047.512208313343,
            4261.958964193918,
            9259.839409973883,
            23851.9995309594,
            10905.931767557784,
            15957.29411730871,
            3659.0793830565426,
            17759.329268600508,
            6462.459226901605,
            14523.660779954762,
            12282.440406053025,
            10146.645771001931,
            11929.27483091682,
            5873.047294131256,
            0.0,
            17192.783925224365,
            6954.811789219689,
            6086.030854599509,
            8925.2354063682,
            19796.21456954568,
            14064.544570735578,
            14548.53665954137,
            5560.809813055127,
            9552.040297240148,
            19803.144727953753,
            5362.32935837598,
            19180.598987796366,
            14789.756052491315,
            14878.64085217455,
            6234.814555758565,
            22313.62561993657,
            18285.91074529287,
            6070.936332704771,
            7578.899548449908,
            4207.583234899853,
            6656.299111621216,
            9974.766404722975,
            10356.51321281553,
            8589.601238635247,
            1676.3017563578285,
            11931.881332462726,
            25009.968144552287,
            16236.51434552522,
            12925.996449102751,
            5153.461006589354,
            2983.778320894752,
            18538.638993623117,
            11461.967453619753,
            16465.335902850904,
            5095.211729807393,
            15408.228332286844,
            15947.805429003709,
            13270.820781473307,
            18698.115998319245,
            19033.329321553378,
            13411.81481511477,
            5305.349383239027,
            901.1106048322193,
            5869.305396342382,
            15589.254540688054,
            8567.35137882206,
            14089.179361086757,
            5475.776001811208,
            9702.200823942052,
            19297.63336537471,
            5756.149951755417,
            9592.079210840104
        ],
        [
            30558.44914871067,
            18034.206714767377,
            5471.591067669705,
            19525.350880373477,
            21161.30353189304,
